#Layer_Color=9474304
#
#Feature symbol names
#
$0 r5
$1 r6.6666

#
#Feature attribute names
#

#
#Layer features
#
A 0.7335827 0.8622047 0.7335827 0.8622047 0.7135827 0.8622047 1 P 0 N
A 1.3635039 3.0354331 1.3635039 3.0354331 1.3435039 3.0354331 1 P 0 N
A 1.6464764 0.8622047 1.6464764 0.8622047 1.6264764 0.8622047 1 P 0 N
A 2.2763976 3.0354331 2.2763976 3.0354331 2.2563976 3.0354331 1 P 0 N
A 2.5593701 0.8622047 2.5593701 0.8622047 2.5393701 0.8622047 1 P 0 N
A 3.1892913 3.0354331 3.1892913 3.0354331 3.1692913 3.0354331 1 P 0 N
L 0.1162205 1.2466928 0.1162205 1.2666928 0 P 0
L 0.1162205 1.2466928 0.1262205 1.2466928 0 P 0
L 0.1162205 1.2666928 0.1262205 1.2666928 0 P 0
L 0.1162205 1.3466929 0.1162205 1.3666929 0 P 0
L 0.1162205 1.3466929 0.1262205 1.3466929 0 P 0
L 0.1162205 1.3666929 0.1262205 1.3666929 0 P 0
L 0.1162205 1.4466929 0.1162205 1.4666929 0 P 0
L 0.1162205 1.4466929 0.1262205 1.4466929 0 P 0
L 0.1162205 1.4666929 0.1262205 1.4666929 0 P 0
L 0.1162205 1.5466929 0.1162205 1.5666929 0 P 0
L 0.1162205 1.5466929 0.1262205 1.5466929 0 P 0
L 0.1162205 1.5666929 0.1262205 1.5666929 0 P 0
L 0.1162205 1.646693 0.1162205 1.666693 0 P 0
L 0.1162205 1.646693 0.1262205 1.646693 0 P 0
L 0.1162205 1.666693 0.1262205 1.666693 0 P 0
L 0.1162206 2.1553543 0.1162206 2.1753543 0 P 0
L 0.1162206 2.1553543 0.1262206 2.1553543 0 P 0
L 0.1162206 2.1753543 0.1262206 2.1753543 0 P 0
L 0.1162206 2.2553543 0.1162206 2.2753543 0 P 0
L 0.1162206 2.2553543 0.1262206 2.2553543 0 P 0
L 0.1162206 2.2753543 0.1262206 2.2753543 0 P 0
L 0.1262205 1.2366928 0.1262205 1.2466928 0 P 0
L 0.1262205 1.2366928 0.1462205 1.2366928 0 P 0
L 0.1262205 1.2666928 0.1262205 1.2766928 0 P 0
L 0.1262205 1.2766928 0.1462205 1.2766928 0 P 0
L 0.1262205 1.3366929 0.1262205 1.3466929 0 P 0
L 0.1262205 1.3366929 0.1462205 1.3366929 0 P 0
L 0.1262205 1.3666929 0.1262205 1.3766929 0 P 0
L 0.1262205 1.3766929 0.1462205 1.3766929 0 P 0
L 0.1262205 1.4366929 0.1262205 1.4466929 0 P 0
L 0.1262205 1.4366929 0.1462205 1.4366929 0 P 0
L 0.1262205 1.4666929 0.1262205 1.4766929 0 P 0
L 0.1262205 1.4766929 0.1462205 1.4766929 0 P 0
L 0.1262205 1.5366929 0.1262205 1.5466929 0 P 0
L 0.1262205 1.5366929 0.1462205 1.5366929 0 P 0
L 0.1262205 1.5666929 0.1262205 1.5766929 0 P 0
L 0.1262205 1.5766929 0.1462205 1.5766929 0 P 0
L 0.1262205 1.636693 0.1262205 1.646693 0 P 0
L 0.1262205 1.636693 0.1462205 1.636693 0 P 0
L 0.1262205 1.666693 0.1262205 1.676693 0 P 0
L 0.1262205 1.676693 0.1462205 1.676693 0 P 0
L 0.1262206 2.1453543 0.1262206 2.1553543 0 P 0
L 0.1262206 2.1453543 0.1462206 2.1453543 0 P 0
L 0.1262206 2.1753543 0.1262206 2.1853543 0 P 0
L 0.1262206 2.1853543 0.1462206 2.1853543 0 P 0
L 0.1262206 2.2453543 0.1262206 2.2553543 0 P 0
L 0.1262206 2.2453543 0.1462206 2.2453543 0 P 0
L 0.1262206 2.2753543 0.1262206 2.2853543 0 P 0
L 0.1262206 2.2853543 0.1462206 2.2853543 0 P 0
L 0.1462205 1.2366928 0.1462205 1.2466928 0 P 0
L 0.1462205 1.2466928 0.1562205 1.2466928 0 P 0
L 0.1462205 1.2666928 0.1462205 1.2766928 0 P 0
L 0.1462205 1.2666928 0.1562205 1.2666928 0 P 0
L 0.1462205 1.3366929 0.1462205 1.3466929 0 P 0
L 0.1462205 1.3466929 0.1562205 1.3466929 0 P 0
L 0.1462205 1.3666929 0.1462205 1.3766929 0 P 0
L 0.1462205 1.3666929 0.1562205 1.3666929 0 P 0
L 0.1462205 1.4366929 0.1462205 1.4466929 0 P 0
L 0.1462205 1.4466929 0.1562205 1.4466929 0 P 0
L 0.1462205 1.4666929 0.1462205 1.4766929 0 P 0
L 0.1462205 1.4666929 0.1562205 1.4666929 0 P 0
L 0.1462205 1.5366929 0.1462205 1.5466929 0 P 0
L 0.1462205 1.5466929 0.1562205 1.5466929 0 P 0
L 0.1462205 1.5666929 0.1462205 1.5766929 0 P 0
L 0.1462205 1.5666929 0.1562205 1.5666929 0 P 0
L 0.1462205 1.636693 0.1462205 1.646693 0 P 0
L 0.1462205 1.646693 0.1562205 1.646693 0 P 0
L 0.1462205 1.666693 0.1462205 1.676693 0 P 0
L 0.1462205 1.666693 0.1562205 1.666693 0 P 0
L 0.1462206 2.1453543 0.1462206 2.1553543 0 P 0
L 0.1462206 2.1553543 0.1562206 2.1553543 0 P 0
L 0.1462206 2.1753543 0.1462206 2.1853543 0 P 0
L 0.1462206 2.1753543 0.1562206 2.1753543 0 P 0
L 0.1462206 2.2453543 0.1462206 2.2553543 0 P 0
L 0.1462206 2.2553543 0.1562206 2.2553543 0 P 0
L 0.1462206 2.2753543 0.1462206 2.2853543 0 P 0
L 0.1462206 2.2753543 0.1562206 2.2753543 0 P 0
L 0.1562205 1.2466928 0.1562205 1.2666928 0 P 0
L 0.1562205 1.3466929 0.1562205 1.3666929 0 P 0
L 0.1562205 1.4466929 0.1562205 1.4666929 0 P 0
L 0.1562205 1.5466929 0.1562205 1.5666929 0 P 0
L 0.1562205 1.646693 0.1562205 1.666693 0 P 0
L 0.1562206 2.1553543 0.1562206 2.1753543 0 P 0
L 0.1562206 2.2553543 0.1562206 2.2753543 0 P 0
L 0.1768504 0.1768504 0.1868504 0.1968504 0 P 0
L 0.1768504 0.1768504 0.1968504 0.1868504 0 P 0
L 0.1768504 0.2168504 0.1868504 0.1968504 0 P 0
L 0.1768504 0.2168504 0.1968504 0.2068504 0 P 0
L 0.1768504 2.6465355 0.1768504 2.6565355 0 P 0
L 0.1768504 2.6465355 0.1868504 2.6465355 0 P 0
L 0.1768504 2.6565355 0.1868504 2.6665355 0 P 0
L 0.1768504 2.6765355 0.1768504 2.6865355 0 P 0
L 0.1768504 2.6765355 0.1868504 2.6665355 0 P 0
L 0.1768504 2.6865355 0.1868504 2.6865355 0 P 0
L 0.1768504 2.7465353 0.1768504 2.7565353 0 P 0
L 0.1768504 2.7465353 0.1868504 2.7465353 0 P 0
L 0.1768504 2.7565353 0.1868504 2.7665353 0 P 0
L 0.1768504 2.7765353 0.1768504 2.7865353 0 P 0
L 0.1768504 2.7765353 0.1868504 2.7665353 0 P 0
L 0.1768504 2.7865353 0.1868504 2.7865353 0 P 0
L 0.1768504 3.0508661 0.1868504 3.0708661 0 P 0
L 0.1768504 3.0508661 0.1968504 3.0608661 0 P 0
L 0.1768504 3.0908661 0.1868504 3.0708661 0 P 0
L 0.1768504 3.0908661 0.1968504 3.0808661 0 P 0
L 0.1868504 2.6465355 0.1968504 2.6565355 0 P 0
L 0.1868504 2.6865355 0.1968504 2.6765355 0 P 0
L 0.1868504 2.7465353 0.1968504 2.7565353 0 P 0
L 0.1868504 2.7865353 0.1968504 2.7765353 0 P 0
L 0.1968504 0.1868504 0.2168504 0.1768504 0 P 0
L 0.1968504 0.2068504 0.2168504 0.2168504 0 P 0
L 0.1968504 2.6565355 0.2068504 2.6465355 0 P 0
L 0.1968504 2.6765355 0.2068504 2.6865355 0 P 0
L 0.1968504 2.7565353 0.2068504 2.7465353 0 P 0
L 0.1968504 2.7765353 0.2068504 2.7865353 0 P 0
L 0.1968504 3.0608661 0.2168504 3.0508661 0 P 0
L 0.1968504 3.0808661 0.2168504 3.0908661 0 P 0
L 0.2068504 0.1968504 0.2168504 0.1768504 0 P 0
L 0.2068504 0.1968504 0.2168504 0.2168504 0 P 0
L 0.2068504 2.6465355 0.2168504 2.6465355 0 P 0
L 0.2068504 2.6665355 0.2168504 2.6565355 0 P 0
L 0.2068504 2.6665355 0.2168504 2.6765355 0 P 0
L 0.2068504 2.6865355 0.2168504 2.6865355 0 P 0
L 0.2068504 2.7465353 0.2168504 2.7465353 0 P 0
L 0.2068504 2.7665353 0.2168504 2.7565353 0 P 0
L 0.2068504 2.7665353 0.2168504 2.7765353 0 P 0
L 0.2068504 2.7865353 0.2168504 2.7865353 0 P 0
L 0.2068504 3.0708661 0.2168504 3.0508661 0 P 0
L 0.2068504 3.0708661 0.2168504 3.0908661 0 P 0
L 0.2162205 1.2466928 0.2162205 1.2666928 0 P 0
L 0.2162205 1.2466928 0.2262205 1.2466928 0 P 0
L 0.2162205 1.2666928 0.2262205 1.2666928 0 P 0
L 0.2162205 1.4466929 0.2162205 1.4666929 0 P 0
L 0.2162205 1.4466929 0.2262205 1.4466929 0 P 0
L 0.2162205 1.4666929 0.2262205 1.4666929 0 P 0
L 0.2162205 1.5466929 0.2162205 1.5666929 0 P 0
L 0.2162205 1.5466929 0.2262205 1.5466929 0 P 0
L 0.2162205 1.5666929 0.2262205 1.5666929 0 P 0
L 0.2162206 1.3466929 0.2162206 1.3666929 0 P 0
L 0.2162206 1.3466929 0.2262206 1.3466929 0 P 0
L 0.2162206 1.3666929 0.2262206 1.3666929 0 P 0
L 0.2162206 1.646693 0.2162206 1.666693 0 P 0
L 0.2162206 1.646693 0.2262206 1.646693 0 P 0
L 0.2162206 1.666693 0.2262206 1.666693 0 P 0
L 0.2162206 2.1553543 0.2162206 2.1753543 0 P 0
L 0.2162206 2.1553543 0.2262206 2.1553543 0 P 0
L 0.2162206 2.1753543 0.2262206 2.1753543 0 P 0
L 0.2162206 2.2553543 0.2162206 2.2753543 0 P 0
L 0.2162206 2.2553543 0.2262206 2.2553543 0 P 0
L 0.2162206 2.2753543 0.2262206 2.2753543 0 P 0
L 0.2168504 2.6465355 0.2168504 2.6565355 0 P 0
L 0.2168504 2.6765355 0.2168504 2.6865355 0 P 0
L 0.2168504 2.7465353 0.2168504 2.7565353 0 P 0
L 0.2168504 2.7765353 0.2168504 2.7865353 0 P 0
L 0.2262205 1.2366928 0.2262205 1.2466928 0 P 0
L 0.2262205 1.2366928 0.2462205 1.2366928 0 P 0
L 0.2262205 1.2666928 0.2262205 1.2766928 0 P 0
L 0.2262205 1.2766928 0.2462205 1.2766928 0 P 0
L 0.2262205 1.4366929 0.2262205 1.4466929 0 P 0
L 0.2262205 1.4366929 0.2462205 1.4366929 0 P 0
L 0.2262205 1.4666929 0.2262205 1.4766929 0 P 0
L 0.2262205 1.4766929 0.2462205 1.4766929 0 P 0
L 0.2262205 1.5366929 0.2262205 1.5466929 0 P 0
L 0.2262205 1.5366929 0.2462205 1.5366929 0 P 0
L 0.2262205 1.5666929 0.2262205 1.5766929 0 P 0
L 0.2262205 1.5766929 0.2462205 1.5766929 0 P 0
L 0.2262206 1.3366929 0.2262206 1.3466929 0 P 0
L 0.2262206 1.3366929 0.2462206 1.3366929 0 P 0
L 0.2262206 1.3666929 0.2262206 1.3766929 0 P 0
L 0.2262206 1.3766929 0.2462206 1.3766929 0 P 0
L 0.2262206 1.636693 0.2262206 1.646693 0 P 0
L 0.2262206 1.636693 0.2462206 1.636693 0 P 0
L 0.2262206 1.666693 0.2262206 1.676693 0 P 0
L 0.2262206 1.676693 0.2462206 1.676693 0 P 0
L 0.2262206 2.1453543 0.2262206 2.1553543 0 P 0
L 0.2262206 2.1453543 0.2462206 2.1453543 0 P 0
L 0.2262206 2.1753543 0.2262206 2.1853543 0 P 0
L 0.2262206 2.1853543 0.2462206 2.1853543 0 P 0
L 0.2262206 2.2453543 0.2262206 2.2553543 0 P 0
L 0.2262206 2.2453543 0.2462206 2.2453543 0 P 0
L 0.2262206 2.2753543 0.2262206 2.2853543 0 P 0
L 0.2262206 2.2853543 0.2462206 2.2853543 0 P 0
L 0.2462205 1.2366928 0.2462205 1.2466928 0 P 0
L 0.2462205 1.2466928 0.2562205 1.2466928 0 P 0
L 0.2462205 1.2666928 0.2462205 1.2766928 0 P 0
L 0.2462205 1.2666928 0.2562205 1.2666928 0 P 0
L 0.2462205 1.4366929 0.2462205 1.4466929 0 P 0
L 0.2462205 1.4466929 0.2562205 1.4466929 0 P 0
L 0.2462205 1.4666929 0.2462205 1.4766929 0 P 0
L 0.2462205 1.4666929 0.2562205 1.4666929 0 P 0
L 0.2462205 1.5366929 0.2462205 1.5466929 0 P 0
L 0.2462205 1.5466929 0.2562205 1.5466929 0 P 0
L 0.2462205 1.5666929 0.2462205 1.5766929 0 P 0
L 0.2462205 1.5666929 0.2562205 1.5666929 0 P 0
L 0.2462206 1.3366929 0.2462206 1.3466929 0 P 0
L 0.2462206 1.3466929 0.2562206 1.3466929 0 P 0
L 0.2462206 1.3666929 0.2462206 1.3766929 0 P 0
L 0.2462206 1.3666929 0.2562206 1.3666929 0 P 0
L 0.2462206 1.636693 0.2462206 1.646693 0 P 0
L 0.2462206 1.646693 0.2562206 1.646693 0 P 0
L 0.2462206 1.666693 0.2462206 1.676693 0 P 0
L 0.2462206 1.666693 0.2562206 1.666693 0 P 0
L 0.2462206 2.1453543 0.2462206 2.1553543 0 P 0
L 0.2462206 2.1553543 0.2562206 2.1553543 0 P 0
L 0.2462206 2.1753543 0.2462206 2.1853543 0 P 0
L 0.2462206 2.1753543 0.2562206 2.1753543 0 P 0
L 0.2462206 2.2453543 0.2462206 2.2553543 0 P 0
L 0.2462206 2.2553543 0.2562206 2.2553543 0 P 0
L 0.2462206 2.2753543 0.2462206 2.2853543 0 P 0
L 0.2462206 2.2753543 0.2562206 2.2753543 0 P 0
L 0.2562205 1.2466928 0.2562205 1.2666928 0 P 0
L 0.2562205 1.4466929 0.2562205 1.4666929 0 P 0
L 0.2562205 1.5466929 0.2562205 1.5666929 0 P 0
L 0.2562206 1.3466929 0.2562206 1.3666929 0 P 0
L 0.2562206 1.646693 0.2562206 1.666693 0 P 0
L 0.2562206 2.1553543 0.2562206 2.1753543 0 P 0
L 0.2562206 2.2553543 0.2562206 2.2753543 0 P 0
L 0.2949606 3.4545669 0.3049606 3.4545669 0 P 0
L 0.2949606 3.4545669 0.3049606 3.4645669 0 P 0
L 0.2949606 3.4745669 0.3049606 3.4645669 0 P 0
L 0.2949606 3.4745669 0.3049606 3.4745669 0 P 0
L 0.2949606 3.7207874 0.3149606 3.6807874 0 P 0
L 0.2949606 3.7207874 0.3349606 3.7207874 0 P 0
L 0.3049606 3.4545669 0.3149606 3.4445669 0 P 0
L 0.3049606 3.4745669 0.3149606 3.4845669 0 P 0
L 0.3149606 3.4445669 0.3249606 3.4545669 0 P 0
L 0.3149606 3.4845669 0.3249606 3.4745669 0 P 0
L 0.3149606 3.6807874 0.3349606 3.7207874 0 P 0
L 0.3249606 3.4545669 0.3349606 3.4545669 0 P 0
L 0.3249606 3.4645669 0.3349606 3.4545669 0 P 0
L 0.3249606 3.4645669 0.3349606 3.4745669 0 P 0
L 0.3249606 3.4745669 0.3349606 3.4745669 0 P 0
L 0.48 3.6026771 0.5 3.5626771 0 P 0
L 0.48 3.6026771 0.52 3.6026771 0 P 0
L 0.5 3.5626771 0.52 3.6026771 0 P 0
L 0.6689764 2.8897638 0.6889764 2.8697638 0 P 0
L 0.6689764 2.8897638 0.6889764 2.9097638 0 P 0
L 0.6889764 2.8697638 0.7089764 2.8897638 0 P 0
L 0.6889764 2.9097638 0.7089764 2.8897638 0 P 0
L 0.6935827 3.3390551 0.6935827 3.3790551 0 P 0
L 0.6935827 3.3390551 0.7335827 3.3390551 0 P 0
L 0.6935827 3.3790551 0.7335827 3.3790551 0 P 0
L 0.7335827 3.3390551 0.7335827 3.3790551 0 P 0
L 0.7723228 1.5531496 0.7923228 1.5331496 0 P 0
L 0.7723228 1.5531496 0.7923228 1.5731496 0 P 0
L 0.7923228 1.5331496 0.8123228 1.5531496 0 P 0
L 0.7923228 1.5731496 0.8123228 1.5531496 0 P 0
L 0.8220275 1.5531496 0.8420275 1.5331496 0 P 0
L 0.8220275 1.5531496 0.8420275 1.5731496 0 P 0
L 0.8382677 2.4409449 0.8582677 2.4209449 0 P 0
L 0.8382677 2.4409449 0.8582677 2.4609449 0 P 0
L 0.8420275 1.5331496 0.8620275 1.5531496 0 P 0
L 0.8420275 1.5731496 0.8620275 1.5531496 0 P 0
L 0.8461417 1.2509843 0.8661417 1.2309843 0 P 0
L 0.8461417 1.2509843 0.8661417 1.2709843 0 P 0
L 0.8481102 1.2962598 0.8681102 1.2762598 0 P 0
L 0.8481102 1.2962598 0.8681102 1.3162598 0 P 0
L 0.8582677 2.4209449 0.8782677 2.4409449 0 P 0
L 0.8582677 2.4609449 0.8782677 2.4409449 0 P 0
L 0.8661417 1.2309843 0.8861417 1.2509843 0 P 0
L 0.8661417 1.2709843 0.8861417 1.2509843 0 P 0
L 0.8681102 1.2762598 0.8881102 1.2962598 0 P 0
L 0.8681102 1.3162598 0.8881102 1.2962598 0 P 0
L 0.8717322 1.5531496 0.8917322 1.5331496 0 P 0
L 0.8717322 1.5531496 0.8917322 1.5731496 0 P 0
L 0.8845276 1.2952756 0.9045276 1.2752756 0 P 0
L 0.8845276 1.2952756 0.9045276 1.3152756 0 P 0
L 0.8874803 1.25 0.9074803 1.23 0 P 0
L 0.8874803 1.25 0.9074803 1.27 0 P 0
L 0.8917322 1.5331496 0.9117322 1.5531496 0 P 0
L 0.8917322 1.5731496 0.9117322 1.5531496 0 P 0
L 0.9045276 1.2752756 0.9245276 1.2952756 0 P 0
L 0.9045276 1.3152756 0.9245276 1.2952756 0 P 0
L 0.9074803 1.23 0.9274803 1.25 0 P 0
L 0.9074803 1.27 0.9274803 1.25 0 P 0
L 0.9214369 1.5531496 0.9414369 1.5331496 0 P 0
L 0.9214369 1.5531496 0.9414369 1.5731496 0 P 0
L 0.9414369 1.5331496 0.9614369 1.5531496 0 P 0
L 0.9414369 1.5731496 0.9614369 1.5531496 0 P 0
L 0.9612992 1.4222441 0.9812992 1.4022441 0 P 0
L 0.9612992 1.4222441 0.9812992 1.4422441 0 P 0
L 0.9612992 1.5049213 0.9812992 1.4849213 0 P 0
L 0.9612992 1.5049213 0.9812992 1.5249213 0 P 0
L 0.9711416 1.5531496 0.9911416 1.5331496 0 P 0
L 0.9711416 1.5531496 0.9911416 1.5731496 0 P 0
L 0.9812992 1.4022441 1.0012992 1.4222441 0 P 0
L 0.9812992 1.4422441 1.0012992 1.4222441 0 P 0
L 0.9812992 1.4849213 1.0012992 1.5049213 0 P 0
L 0.9812992 1.5249213 1.0012992 1.5049213 0 P 0
L 0.9911416 1.5331496 1.0111416 1.5531496 0 P 0
L 0.9911416 1.5731496 1.0111416 1.5531496 0 P 0
L 0.9967323 2.5206693 1.0167323 2.5006693 0 P 0
L 0.9967323 2.5206693 1.0167323 2.5406693 0 P 0
L 0.9967323 2.5659449 1.0167323 2.5459449 0 P 0
L 0.9967323 2.5659449 1.0167323 2.5859449 0 P 0
L 0.9977165 2.6122047 1.0177165 2.5922047 0 P 0
L 0.9977165 2.6122047 1.0177165 2.6322047 0 P 0
L 1.0167323 2.5006693 1.0367323 2.5206693 0 P 0
L 1.0167323 2.5406693 1.0367323 2.5206693 0 P 0
L 1.0167323 2.5459449 1.0367323 2.5659449 0 P 0
L 1.0167323 2.5859449 1.0367323 2.5659449 0 P 0
L 1.0177165 2.5922047 1.0377165 2.6122047 0 P 0
L 1.0177165 2.6322047 1.0377165 2.6122047 0 P 0
L 1.0420079 2.5649606 1.0620079 2.5449606 0 P 0
L 1.0420079 2.5649606 1.0620079 2.5849606 0 P 0
L 1.0420079 2.6112205 1.0620079 2.5912205 0 P 0
L 1.0420079 2.6112205 1.0620079 2.6312205 0 P 0
L 1.0429921 2.519685 1.0629921 2.499685 0 P 0
L 1.0429921 2.519685 1.0629921 2.539685 0 P 0
L 1.0620079 2.5449606 1.0820079 2.5649606 0 P 0
L 1.0620079 2.5849606 1.0820079 2.5649606 0 P 0
L 1.0620079 2.5912205 1.0820079 2.6112205 0 P 0
L 1.0620079 2.6312205 1.0820079 2.6112205 0 P 0
L 1.0629921 2.499685 1.0829921 2.519685 0 P 0
L 1.0629921 2.539685 1.0829921 2.519685 0 P 0
L 1.0705512 3.7519685 1.0905512 3.7319685 0 P 0
L 1.0705512 3.7519685 1.0905512 3.7719685 0 P 0
L 1.085315 1.3533465 1.105315 1.3333465 0 P 0
L 1.085315 1.3533465 1.105315 1.3733465 0 P 0
L 1.0905512 3.7319685 1.1105512 3.7519685 0 P 0
L 1.0905512 3.7719685 1.1105512 3.7519685 0 P 0
L 1.105315 1.3333465 1.125315 1.3533465 0 P 0
L 1.105315 1.3733465 1.125315 1.3533465 0 P 0
L 1.1374803 1.3533465 1.1574803 1.3333465 0 P 0
L 1.1374803 1.3533465 1.1574803 1.3733465 0 P 0
L 1.1384719 3.2126057 1.1584719 3.1926057 0 P 0
L 1.1384719 3.2126057 1.1584719 3.2326057 0 P 0
L 1.1384719 3.3021727 1.1584719 3.2821727 0 P 0
L 1.1384719 3.3021727 1.1584719 3.3221727 0 P 0
L 1.1386155 3.2564169 1.1586155 3.2364169 0 P 0
L 1.1386155 3.2564169 1.1586155 3.2764169 0 P 0
L 1.1571654 3.7519685 1.1771654 3.7319685 0 P 0
L 1.1571654 3.7519685 1.1771654 3.7719685 0 P 0
L 1.1574803 1.3333465 1.1774803 1.3533465 0 P 0
L 1.1574803 1.3733465 1.1774803 1.3533465 0 P 0
L 1.1584719 3.1926057 1.1784719 3.2126057 0 P 0
L 1.1584719 3.2326057 1.1784719 3.2126057 0 P 0
L 1.1584719 3.2821727 1.1784719 3.3021727 0 P 0
L 1.1584719 3.3221727 1.1784719 3.3021727 0 P 0
L 1.1586155 3.2364169 1.1786155 3.2564169 0 P 0
L 1.1586155 3.2764169 1.1786155 3.2564169 0 P 0
L 1.1611024 1.4064961 1.1811024 1.3864961 0 P 0
L 1.1611024 1.4064961 1.1811024 1.4264961 0 P 0
L 1.1611024 1.4557087 1.1811024 1.4357087 0 P 0
L 1.1611024 1.4557087 1.1811024 1.4757087 0 P 0
L 1.1611024 1.5049213 1.1811024 1.4849213 0 P 0
L 1.1611024 1.5049213 1.1811024 1.5249213 0 P 0
L 1.1771654 3.7319685 1.1971654 3.7519685 0 P 0
L 1.1771654 3.7719685 1.1971654 3.7519685 0 P 0
L 1.1811024 1.3864961 1.2011024 1.4064961 0 P 0
L 1.1811024 1.4264961 1.2011024 1.4064961 0 P 0
L 1.1811024 1.4357087 1.2011024 1.4557087 0 P 0
L 1.1811024 1.4757087 1.2011024 1.4557087 0 P 0
L 1.1811024 1.4849213 1.2011024 1.5049213 0 P 0
L 1.1811024 1.5249213 1.2011024 1.5049213 0 P 0
L 1.1847317 3.2126057 1.2047317 3.1926057 0 P 0
L 1.1847317 3.2126057 1.2047317 3.2326057 0 P 0
L 1.1857088 2.2726379 1.2057088 2.2526379 0 P 0
L 1.1857088 2.2726379 1.2057088 2.2926379 0 P 0
L 1.1925984 3.5639764 1.2125984 3.5439764 0 P 0
L 1.1925984 3.5639764 1.2125984 3.5839764 0 P 0
L 1.1925984 3.6082677 1.2125984 3.5882677 0 P 0
L 1.1925984 3.6082677 1.2125984 3.6282677 0 P 0
L 1.1975197 1.144685 1.2175197 1.124685 0 P 0
L 1.1975197 1.144685 1.2175197 1.164685 0 P 0
L 1.2034252 1.3346457 1.2234252 1.3146457 0 P 0
L 1.2034252 1.3346457 1.2234252 1.3546457 0 P 0
L 1.2047317 3.1926057 1.2247317 3.2126057 0 P 0
L 1.2047317 3.2326057 1.2247317 3.2126057 0 P 0
L 1.2057088 2.2526379 1.2257088 2.2726379 0 P 0
L 1.2057088 2.2926379 1.2257088 2.2726379 0 P 0
L 1.2125984 3.5439764 1.2325984 3.5639764 0 P 0
L 1.2125984 3.5839764 1.2325984 3.5639764 0 P 0
L 1.2125984 3.5882677 1.2325984 3.6082677 0 P 0
L 1.2125984 3.6282677 1.2325984 3.6082677 0 P 0
L 1.2175197 1.124685 1.2375197 1.144685 0 P 0
L 1.2175197 1.164685 1.2375197 1.144685 0 P 0
L 1.2234252 1.3146457 1.2434252 1.3346457 0 P 0
L 1.2234252 1.3546457 1.2434252 1.3346457 0 P 0
L 1.2368898 3.5639764 1.2568898 3.5439764 0 P 0
L 1.2368898 3.5639764 1.2568898 3.5839764 0 P 0
L 1.2368898 3.6082677 1.2568898 3.5882677 0 P 0
L 1.2368898 3.6082677 1.2568898 3.6282677 0 P 0
L 1.2568898 3.5439764 1.2768898 3.5639764 0 P 0
L 1.2568898 3.5839764 1.2768898 3.5639764 0 P 0
L 1.2568898 3.5882677 1.2768898 3.6082677 0 P 0
L 1.2568898 3.6282677 1.2768898 3.6082677 0 P 0
L 1.2646248 1.2506764 1.2846248 1.2306764 0 P 0
L 1.2646248 1.2506764 1.2846248 1.2706764 0 P 0
L 1.2646248 1.2811882 1.2846248 1.2611882 0 P 0
L 1.2646248 1.2811882 1.2846248 1.3011882 0 P 0
L 1.2713386 1.3346457 1.2913386 1.3146457 0 P 0
L 1.2713386 1.3346457 1.2913386 1.3546457 0 P 0
L 1.2841339 3.5639764 1.3041339 3.5439764 0 P 0
L 1.2841339 3.5639764 1.3041339 3.5839764 0 P 0
L 1.2841339 3.6082677 1.3041339 3.5882677 0 P 0
L 1.2841339 3.6082677 1.3041339 3.6282677 0 P 0
L 1.2846248 1.2306764 1.3046248 1.2506764 0 P 0
L 1.2846248 1.2611882 1.3046248 1.2811882 0 P 0
L 1.2846248 1.2706764 1.3046248 1.2506764 0 P 0
L 1.2846248 1.3011882 1.3046248 1.2811882 0 P 0
L 1.2913386 1.3146457 1.3113386 1.3346457 0 P 0
L 1.2913386 1.3546457 1.3113386 1.3346457 0 P 0
L 1.3041339 3.5439764 1.3241339 3.5639764 0 P 0
L 1.3041339 3.5839764 1.3241339 3.5639764 0 P 0
L 1.3041339 3.5882677 1.3241339 3.6082677 0 P 0
L 1.3041339 3.6282677 1.3241339 3.6082677 0 P 0
L 1.3077632 2.0423301 1.3277632 2.0223301 0 P 0
L 1.3077632 2.0423301 1.3277632 2.0623301 0 P 0
L 1.3215354 1.1505906 1.3415354 1.1305906 0 P 0
L 1.3215354 1.1505906 1.3415354 1.1705906 0 P 0
L 1.3215354 1.1929134 1.3415354 1.1729134 0 P 0
L 1.3215354 1.1929134 1.3415354 1.2129134 0 P 0
L 1.3220563 1.113189 1.3420563 1.093189 0 P 0
L 1.3220563 1.113189 1.3420563 1.133189 0 P 0
L 1.3277632 2.0223301 1.3477632 2.0423301 0 P 0
L 1.3277632 2.0623301 1.3477632 2.0423301 0 P 0
L 1.3415354 1.1305906 1.3615354 1.1505906 0 P 0
L 1.3415354 1.1705906 1.3615354 1.1505906 0 P 0
L 1.3415354 1.1729134 1.3615354 1.1929134 0 P 0
L 1.3415354 1.2129134 1.3615354 1.1929134 0 P 0
L 1.3420563 1.093189 1.3620563 1.113189 0 P 0
L 1.3420563 1.133189 1.3620563 1.113189 0 P 0
L 1.3422047 3.5470866 1.3622047 3.5270866 0 P 0
L 1.3422047 3.5470866 1.3622047 3.5670866 0 P 0
L 1.3530388 2.1722514 1.3730388 2.1522514 0 P 0
L 1.3530388 2.1722514 1.3730388 2.1922514 0 P 0
L 1.3599213 1.378937 1.3799213 1.358937 0 P 0
L 1.3599213 1.378937 1.3799213 1.398937 0 P 0
L 1.3622047 3.5270866 1.3822047 3.5470866 0 P 0
L 1.3622047 3.5670866 1.3822047 3.5470866 0 P 0
L 1.3730388 2.1522514 1.3930388 2.1722514 0 P 0
L 1.3730388 2.1922514 1.3930388 2.1722514 0 P 0
L 1.3776378 3.6850394 1.3976378 3.6650394 0 P 0
L 1.3776378 3.6850394 1.3976378 3.7050394 0 P 0
L 1.3799213 1.358937 1.3999213 1.378937 0 P 0
L 1.3799213 1.398937 1.3999213 1.378937 0 P 0
L 1.3976378 3.6650394 1.4176378 3.6850394 0 P 0
L 1.3976378 3.7050394 1.4176378 3.6850394 0 P 0
L 1.5006693 2.7244094 1.5206693 2.7044094 0 P 0
L 1.5006693 2.7244094 1.5206693 2.7444094 0 P 0
L 1.5206693 2.7044094 1.5406693 2.7244094 0 P 0
L 1.5206693 2.7444094 1.5406693 2.7244094 0 P 0
L 1.5941732 3.6771654 1.6141732 3.6571654 0 P 0
L 1.5941732 3.6771654 1.6141732 3.6971654 0 P 0
L 1.6141732 3.6571654 1.6341732 3.6771654 0 P 0
L 1.6141732 3.6971654 1.6341732 3.6771654 0 P 0
L 1.6335433 1.3858268 1.6535433 1.3658268 0 P 0
L 1.6335433 1.3858268 1.6535433 1.4058268 0 P 0
L 1.6535433 1.3658268 1.6735433 1.3858268 0 P 0
L 1.6535433 1.4058268 1.6735433 1.3858268 0 P 0
L 1.6807874 3.1771654 1.7007874 3.1571654 0 P 0
L 1.6807874 3.1771654 1.7007874 3.1971654 0 P 0
L 1.687223 2.2381608 1.707223 2.2181608 0 P 0
L 1.687223 2.2381608 1.707223 2.2581608 0 P 0
L 1.7007874 3.1571654 1.7207874 3.1771654 0 P 0
L 1.7007874 3.1971654 1.7207874 3.1771654 0 P 0
L 1.707223 2.2181608 1.727223 2.2381608 0 P 0
L 1.707223 2.2581608 1.727223 2.2381608 0 P 0
L 1.7093308 3.5639764 1.7293308 3.5439764 0 P 0
L 1.7093308 3.5639764 1.7293308 3.5839764 0 P 0
L 1.7270472 1.3847614 1.7470472 1.3647614 0 P 0
L 1.7270472 1.3847614 1.7470472 1.4047614 0 P 0
L 1.7293308 3.5439764 1.7493308 3.5639764 0 P 0
L 1.7293308 3.5839764 1.7493308 3.5639764 0 P 0
L 1.7470472 1.3647614 1.7670472 1.3847614 0 P 0
L 1.7470472 1.4047614 1.7670472 1.3847614 0 P 0
L 1.7713386 2.2057087 1.7913386 2.1857087 0 P 0
L 1.7713386 2.2057087 1.7913386 2.2257087 0 P 0
L 1.7890551 2.8257874 1.8090551 2.8057874 0 P 0
L 1.7890551 2.8257874 1.8090551 2.8457874 0 P 0
L 1.7913386 2.1857087 1.8113386 2.2057087 0 P 0
L 1.7913386 2.2257087 1.8113386 2.2057087 0 P 0
L 1.7988976 3.7598425 1.8188976 3.7398425 0 P 0
L 1.7988976 3.7598425 1.8188976 3.7798425 0 P 0
L 1.8090551 2.8057874 1.8290551 2.8257874 0 P 0
L 1.8090551 2.8457874 1.8290551 2.8257874 0 P 0
L 1.8188976 3.7398425 1.8388976 3.7598425 0 P 0
L 1.8188976 3.7798425 1.8388976 3.7598425 0 P 0
L 1.9012671 2.7165427 1.9212671 2.6965427 0 P 0
L 1.9012671 2.7165427 1.9212671 2.7365427 0 P 0
L 1.9212671 2.6965427 1.9412671 2.7165427 0 P 0
L 1.9212671 2.7365427 1.9412671 2.7165427 0 P 0
L 1.9622835 2.0255906 1.9822835 2.0055906 0 P 0
L 1.9622835 2.0255906 1.9822835 2.0455906 0 P 0
L 1.9622835 2.0994094 1.9822835 2.0794094 0 P 0
L 1.9622835 2.0994094 1.9822835 2.1194094 0 P 0
L 1.9822835 2.0055906 2.0022835 2.0255906 0 P 0
L 1.9822835 2.0455906 2.0022835 2.0255906 0 P 0
L 1.9822835 2.0794094 2.0022835 2.0994094 0 P 0
L 1.9822835 2.1194094 2.0022835 2.0994094 0 P 0
L 1.999685 2.2057087 2.019685 2.1857087 0 P 0
L 1.999685 2.2057087 2.019685 2.2257087 0 P 0
L 2.0124803 2.0275591 2.0324803 2.0075591 0 P 0
L 2.0124803 2.0275591 2.0324803 2.0475591 0 P 0
L 2.019685 2.1857087 2.039685 2.2057087 0 P 0
L 2.019685 2.2257087 2.039685 2.2057087 0 P 0
L 2.0324803 2.0075591 2.0524803 2.0275591 0 P 0
L 2.0324803 2.0475591 2.0524803 2.0275591 0 P 0
L 2.2363976 0.5185827 2.2363976 0.5585827 0 P 0
L 2.2363976 0.5185827 2.2763976 0.5185827 0 P 0
L 2.2363976 0.5585827 2.2763976 0.5585827 0 P 0
L 2.2546136 2.7962671 2.2746136 2.7762671 0 P 0
L 2.2546136 2.7962671 2.2746136 2.8162671 0 P 0
L 2.2746136 2.7762671 2.2946136 2.7962671 0 P 0
L 2.2746136 2.8162671 2.2946136 2.7962671 0 P 0
L 2.2763976 0.5185827 2.2763976 0.5585827 0 P 0
L 2.3008661 1.1919291 2.3208661 1.1719291 0 P 0
L 2.3008661 1.1919291 2.3208661 1.2119291 0 P 0
L 2.3208661 1.1719291 2.3408661 1.1919291 0 P 0
L 2.3208661 1.2119291 2.3408661 1.1919291 0 P 0
L 2.374685 1.9104331 2.394685 1.8904331 0 P 0
L 2.374685 1.9104331 2.394685 1.9304331 0 P 0
L 2.3805906 2.0009843 2.4005906 1.9809843 0 P 0
L 2.3805906 2.0009843 2.4005906 2.0209843 0 P 0
L 2.3805979 2.8090624 2.4005979 2.7890624 0 P 0
L 2.3805979 2.8090624 2.4005979 2.8290624 0 P 0
L 2.394685 1.8904331 2.414685 1.9104331 0 P 0
L 2.394685 1.9304331 2.414685 1.9104331 0 P 0
L 2.4005906 1.9809843 2.4205906 2.0009843 0 P 0
L 2.4005906 2.0209843 2.4205906 2.0009843 0 P 0
L 2.4005979 2.7890624 2.4205979 2.8090624 0 P 0
L 2.4005979 2.8290624 2.4205979 2.8090624 0 P 0
L 2.491811 2.3380042 2.511811 2.3180042 0 P 0
L 2.491811 2.3380042 2.511811 2.3580042 0 P 0
L 2.511811 2.3180042 2.531811 2.3380042 0 P 0
L 2.511811 2.3580042 2.531811 2.3380042 0 P 0
L 2.5193701 3.3390551 2.5193701 3.3790551 0 P 0
L 2.5193701 3.3390551 2.5593701 3.3390551 0 P 0
L 2.5193701 3.3790551 2.5593701 3.3790551 0 P 0
L 2.5593701 3.3390551 2.5593701 3.3790551 0 P 0
L 2.5607087 1.5994094 2.5807087 1.5794094 0 P 0
L 2.5607087 1.5994094 2.5807087 1.6194094 0 P 0
L 2.5807087 1.5794094 2.6007087 1.5994094 0 P 0
L 2.5807087 1.6194094 2.6007087 1.5994094 0 P 0
L 2.5961417 2.6348425 2.6161417 2.6148425 0 P 0
L 2.5961417 2.6348425 2.6161417 2.6548425 0 P 0
L 2.6161417 2.6148425 2.6361417 2.6348425 0 P 0
L 2.6161417 2.6548425 2.6361417 2.6348425 0 P 0
L 2.6847317 2.6141805 2.7047317 2.5941805 0 P 0
L 2.6847317 2.6141805 2.7047317 2.6341805 0 P 0
L 2.7047317 2.5941805 2.7247317 2.6141805 0 P 0
L 2.7047317 2.6341805 2.7247317 2.6141805 0 P 0
L 2.8441732 2.5521654 2.8641732 2.5321654 0 P 0
L 2.8441732 2.5521654 2.8641732 2.5721654 0 P 0
L 2.8641732 2.5321654 2.8841732 2.5521654 0 P 0
L 2.8641732 2.5721654 2.8841732 2.5521654 0 P 0
L 2.9061811 2.2244094 2.9261811 2.2044094 0 P 0
L 2.9061811 2.2244094 2.9261811 2.2444094 0 P 0
L 2.9261811 2.2044094 2.9461811 2.2244094 0 P 0
L 2.9261811 2.2444094 2.9461811 2.2244094 0 P 0
L 3.3264567 0.1768504 3.3364567 0.1968504 0 P 0
L 3.3264567 0.1768504 3.3464567 0.1868504 0 P 0
L 3.3264567 0.2168504 3.3364567 0.1968504 0 P 0
L 3.3264567 0.2168504 3.3464567 0.2068504 0 P 0
L 3.3264567 3.7201575 3.3364567 3.7401575 0 P 0
L 3.3264567 3.7201575 3.3464567 3.7301575 0 P 0
L 3.3264567 3.7601575 3.3364567 3.7401575 0 P 0
L 3.3264567 3.7601575 3.3464567 3.7501575 0 P 0
L 3.3464567 0.1868504 3.3664567 0.1768504 0 P 0
L 3.3464567 0.2068504 3.3664567 0.2168504 0 P 0
L 3.3464567 3.7301575 3.3664567 3.7201575 0 P 0
L 3.3464567 3.7501575 3.3664567 3.7601575 0 P 0
L 3.3564567 0.1968504 3.3664567 0.1768504 0 P 0
L 3.3564567 0.1968504 3.3664567 0.2168504 0 P 0
L 3.3564567 3.7401575 3.3664567 3.7201575 0 P 0
L 3.3564567 3.7401575 3.3664567 3.7601575 0 P 0
