#Layer_Color=9474304
#
#Feature symbol names
#
$0 r5
$1 r6.6666

#
#Feature attribute names
#

#
#Layer features
#
A 0.9501182 0.7952758 0.9501182 0.7952758 0.9301182 0.7952758 1 P 0 N
A 1.5800394 2.9685042 1.5800394 2.9685042 1.5600394 2.9685042 1 P 0 N
A 1.8236613 0.7952758 1.8236613 0.7952758 1.8036613 0.7952758 1 P 0 N
A 2.4535825 2.9685042 2.4535825 2.9685042 2.4335825 2.9685042 1 P 0 N
A 2.6971654 0.7952758 2.6971654 0.7952758 2.6771654 0.7952758 1 P 0 N
A 3.3270866 2.9685042 3.3270866 2.9685042 3.3070866 2.9685042 1 P 0 N
L -0.016063 0 0.003937 -0.02 0 P 0
L -0.016063 0 0.003937 0.02 0 P 0
L 0.003937 -0.02 0.023937 0 0 P 0
L 0.003937 0.02 0.023937 0 0 P 0
L 0.1201575 1.1403937 0.1201575 1.1603937 0 P 0
L 0.1201575 1.1403937 0.1301575 1.1403937 0 P 0
L 0.1201575 1.1603937 0.1301575 1.1603937 0 P 0
L 0.1201575 1.2403937 0.1201575 1.2603937 0 P 0
L 0.1201575 1.2403937 0.1301575 1.2403937 0 P 0
L 0.1201575 1.2603937 0.1301575 1.2603937 0 P 0
L 0.1201575 1.3403937 0.1201575 1.3603937 0 P 0
L 0.1201575 1.3403937 0.1301575 1.3403937 0 P 0
L 0.1201575 1.3603937 0.1301575 1.3603937 0 P 0
L 0.1201575 1.4403937 0.1201575 1.4603937 0 P 0
L 0.1201575 1.4403937 0.1301575 1.4403937 0 P 0
L 0.1201575 1.4603937 0.1301575 1.4603937 0 P 0
L 0.1201575 1.5403937 0.1201575 1.5603937 0 P 0
L 0.1201575 1.5403937 0.1301575 1.5403937 0 P 0
L 0.1201575 1.5603937 0.1301575 1.5603937 0 P 0
L 0.1201575 2.1209946 0.1201575 2.1409946 0 P 0
L 0.1201575 2.1209946 0.1301575 2.1209946 0 P 0
L 0.1201575 2.1409946 0.1301575 2.1409946 0 P 0
L 0.1201575 2.2209946 0.1201575 2.2409946 0 P 0
L 0.1201575 2.2209946 0.1301575 2.2209946 0 P 0
L 0.1201575 2.2409946 0.1301575 2.2409946 0 P 0
L 0.1301575 1.1303937 0.1301575 1.1403937 0 P 0
L 0.1301575 1.1303937 0.1501575 1.1303937 0 P 0
L 0.1301575 1.1603937 0.1301575 1.1703937 0 P 0
L 0.1301575 1.1703937 0.1501575 1.1703937 0 P 0
L 0.1301575 1.2303937 0.1301575 1.2403937 0 P 0
L 0.1301575 1.2303937 0.1501575 1.2303937 0 P 0
L 0.1301575 1.2603937 0.1301575 1.2703937 0 P 0
L 0.1301575 1.2703937 0.1501575 1.2703937 0 P 0
L 0.1301575 1.3303937 0.1301575 1.3403937 0 P 0
L 0.1301575 1.3303937 0.1501575 1.3303937 0 P 0
L 0.1301575 1.3603937 0.1301575 1.3703937 0 P 0
L 0.1301575 1.3703937 0.1501575 1.3703937 0 P 0
L 0.1301575 1.4303937 0.1301575 1.4403937 0 P 0
L 0.1301575 1.4303937 0.1501575 1.4303937 0 P 0
L 0.1301575 1.4603937 0.1301575 1.4703937 0 P 0
L 0.1301575 1.4703937 0.1501575 1.4703937 0 P 0
L 0.1301575 1.5303937 0.1301575 1.5403937 0 P 0
L 0.1301575 1.5303937 0.1501575 1.5303937 0 P 0
L 0.1301575 1.5603937 0.1301575 1.5703937 0 P 0
L 0.1301575 1.5703937 0.1501575 1.5703937 0 P 0
L 0.1301575 2.1109946 0.1301575 2.1209946 0 P 0
L 0.1301575 2.1109946 0.1501575 2.1109946 0 P 0
L 0.1301575 2.1409946 0.1301575 2.1509946 0 P 0
L 0.1301575 2.1509946 0.1501575 2.1509946 0 P 0
L 0.1301575 2.2109946 0.1301575 2.2209946 0 P 0
L 0.1301575 2.2109946 0.1501575 2.2109946 0 P 0
L 0.1301575 2.2409946 0.1301575 2.2509946 0 P 0
L 0.1301575 2.2509946 0.1501575 2.2509946 0 P 0
L 0.1501575 1.1303937 0.1501575 1.1403937 0 P 0
L 0.1501575 1.1403937 0.1601575 1.1403937 0 P 0
L 0.1501575 1.1603937 0.1501575 1.1703937 0 P 0
L 0.1501575 1.1603937 0.1601575 1.1603937 0 P 0
L 0.1501575 1.2303937 0.1501575 1.2403937 0 P 0
L 0.1501575 1.2403937 0.1601575 1.2403937 0 P 0
L 0.1501575 1.2603937 0.1501575 1.2703937 0 P 0
L 0.1501575 1.2603937 0.1601575 1.2603937 0 P 0
L 0.1501575 1.3303937 0.1501575 1.3403937 0 P 0
L 0.1501575 1.3403937 0.1601575 1.3403937 0 P 0
L 0.1501575 1.3603937 0.1501575 1.3703937 0 P 0
L 0.1501575 1.3603937 0.1601575 1.3603937 0 P 0
L 0.1501575 1.4303937 0.1501575 1.4403937 0 P 0
L 0.1501575 1.4403937 0.1601575 1.4403937 0 P 0
L 0.1501575 1.4603937 0.1501575 1.4703937 0 P 0
L 0.1501575 1.4603937 0.1601575 1.4603937 0 P 0
L 0.1501575 1.5303937 0.1501575 1.5403937 0 P 0
L 0.1501575 1.5403937 0.1601575 1.5403937 0 P 0
L 0.1501575 1.5603937 0.1501575 1.5703937 0 P 0
L 0.1501575 1.5603937 0.1601575 1.5603937 0 P 0
L 0.1501575 2.1109946 0.1501575 2.1209946 0 P 0
L 0.1501575 2.1209946 0.1601575 2.1209946 0 P 0
L 0.1501575 2.1409946 0.1501575 2.1509946 0 P 0
L 0.1501575 2.1409946 0.1601575 2.1409946 0 P 0
L 0.1501575 2.2109946 0.1501575 2.2209946 0 P 0
L 0.1501575 2.2209946 0.1601575 2.2209946 0 P 0
L 0.1501575 2.2409946 0.1501575 2.2509946 0 P 0
L 0.1501575 2.2409946 0.1601575 2.2409946 0 P 0
L 0.1601575 1.1403937 0.1601575 1.1603937 0 P 0
L 0.1601575 1.2403937 0.1601575 1.2603937 0 P 0
L 0.1601575 1.3403937 0.1601575 1.3603937 0 P 0
L 0.1601575 1.4403937 0.1601575 1.4603937 0 P 0
L 0.1601575 1.5403937 0.1601575 1.5603937 0 P 0
L 0.1601575 2.1209946 0.1601575 2.1409946 0 P 0
L 0.1601575 2.2209946 0.1601575 2.2409946 0 P 0
L 0.1748819 2.652441 0.1748819 2.662441 0 P 0
L 0.1748819 2.652441 0.1848819 2.652441 0 P 0
L 0.1748819 2.662441 0.1848819 2.672441 0 P 0
L 0.1748819 2.682441 0.1748819 2.692441 0 P 0
L 0.1748819 2.682441 0.1848819 2.672441 0 P 0
L 0.1748819 2.692441 0.1848819 2.692441 0 P 0
L 0.1748819 2.7524408 0.1748819 2.7624408 0 P 0
L 0.1748819 2.7524408 0.1848819 2.7524408 0 P 0
L 0.1748819 2.7624408 0.1848819 2.7724408 0 P 0
L 0.1748819 2.7824408 0.1748819 2.7924408 0 P 0
L 0.1748819 2.7824408 0.1848819 2.7724408 0 P 0
L 0.1748819 2.7924408 0.1848819 2.7924408 0 P 0
L 0.1768552 0.1768504 0.1868552 0.1968504 0 P 0
L 0.1768552 0.1768504 0.1968552 0.1868504 0 P 0
L 0.1768552 0.2168504 0.1868552 0.1968504 0 P 0
L 0.1768552 0.2168504 0.1968552 0.2068504 0 P 0
L 0.1768552 3.0508661 0.1868552 3.0708661 0 P 0
L 0.1768552 3.0508661 0.1968552 3.0608661 0 P 0
L 0.1768552 3.0908661 0.1868552 3.0708661 0 P 0
L 0.1768552 3.0908661 0.1968552 3.0808661 0 P 0
L 0.1848819 2.652441 0.1948819 2.662441 0 P 0
L 0.1848819 2.692441 0.1948819 2.682441 0 P 0
L 0.1848819 2.7524408 0.1948819 2.7624408 0 P 0
L 0.1848819 2.7924408 0.1948819 2.7824408 0 P 0
L 0.1948819 2.662441 0.2048819 2.652441 0 P 0
L 0.1948819 2.682441 0.2048819 2.692441 0 P 0
L 0.1948819 2.7624408 0.2048819 2.7524408 0 P 0
L 0.1948819 2.7824408 0.2048819 2.7924408 0 P 0
L 0.1968552 0.1868504 0.2168552 0.1768504 0 P 0
L 0.1968552 0.2068504 0.2168552 0.2168504 0 P 0
L 0.1968552 3.0608661 0.2168552 3.0508661 0 P 0
L 0.1968552 3.0808661 0.2168552 3.0908661 0 P 0
L 0.2048819 2.652441 0.2148819 2.652441 0 P 0
L 0.2048819 2.672441 0.2148819 2.662441 0 P 0
L 0.2048819 2.672441 0.2148819 2.682441 0 P 0
L 0.2048819 2.692441 0.2148819 2.692441 0 P 0
L 0.2048819 2.7524408 0.2148819 2.7524408 0 P 0
L 0.2048819 2.7724408 0.2148819 2.7624408 0 P 0
L 0.2048819 2.7724408 0.2148819 2.7824408 0 P 0
L 0.2048819 2.7924408 0.2148819 2.7924408 0 P 0
L 0.2068552 0.1968504 0.2168552 0.1768504 0 P 0
L 0.2068552 0.1968504 0.2168552 0.2168504 0 P 0
L 0.2068552 3.0708661 0.2168552 3.0508661 0 P 0
L 0.2068552 3.0708661 0.2168552 3.0908661 0 P 0
L 0.2148819 2.652441 0.2148819 2.662441 0 P 0
L 0.2148819 2.682441 0.2148819 2.692441 0 P 0
L 0.2148819 2.7524408 0.2148819 2.7624408 0 P 0
L 0.2148819 2.7824408 0.2148819 2.7924408 0 P 0
L 0.2201575 1.1403937 0.2201575 1.1603937 0 P 0
L 0.2201575 1.1403937 0.2301575 1.1403937 0 P 0
L 0.2201575 1.1603937 0.2301575 1.1603937 0 P 0
L 0.2201575 1.2403937 0.2201575 1.2603937 0 P 0
L 0.2201575 1.2403937 0.2301575 1.2403937 0 P 0
L 0.2201575 1.2603937 0.2301575 1.2603937 0 P 0
L 0.2201575 1.3403937 0.2201575 1.3603937 0 P 0
L 0.2201575 1.3403937 0.2301575 1.3403937 0 P 0
L 0.2201575 1.3603937 0.2301575 1.3603937 0 P 0
L 0.2201575 1.4403937 0.2201575 1.4603937 0 P 0
L 0.2201575 1.4403937 0.2301575 1.4403937 0 P 0
L 0.2201575 1.4603937 0.2301575 1.4603937 0 P 0
L 0.2201575 1.5403937 0.2201575 1.5603937 0 P 0
L 0.2201575 1.5403937 0.2301575 1.5403937 0 P 0
L 0.2201575 1.5603937 0.2301575 1.5603937 0 P 0
L 0.2201575 2.1209946 0.2201575 2.1409946 0 P 0
L 0.2201575 2.1209946 0.2301575 2.1209946 0 P 0
L 0.2201575 2.1409946 0.2301575 2.1409946 0 P 0
L 0.2201575 2.2209946 0.2201575 2.2409946 0 P 0
L 0.2201575 2.2209946 0.2301575 2.2209946 0 P 0
L 0.2201575 2.2409946 0.2301575 2.2409946 0 P 0
L 0.2301575 1.1303937 0.2301575 1.1403937 0 P 0
L 0.2301575 1.1303937 0.2501575 1.1303937 0 P 0
L 0.2301575 1.1603937 0.2301575 1.1703937 0 P 0
L 0.2301575 1.1703937 0.2501575 1.1703937 0 P 0
L 0.2301575 1.2303937 0.2301575 1.2403937 0 P 0
L 0.2301575 1.2303937 0.2501575 1.2303937 0 P 0
L 0.2301575 1.2603937 0.2301575 1.2703937 0 P 0
L 0.2301575 1.2703937 0.2501575 1.2703937 0 P 0
L 0.2301575 1.3303937 0.2301575 1.3403937 0 P 0
L 0.2301575 1.3303937 0.2501575 1.3303937 0 P 0
L 0.2301575 1.3603937 0.2301575 1.3703937 0 P 0
L 0.2301575 1.3703937 0.2501575 1.3703937 0 P 0
L 0.2301575 1.4303937 0.2301575 1.4403937 0 P 0
L 0.2301575 1.4303937 0.2501575 1.4303937 0 P 0
L 0.2301575 1.4603937 0.2301575 1.4703937 0 P 0
L 0.2301575 1.4703937 0.2501575 1.4703937 0 P 0
L 0.2301575 1.5303937 0.2301575 1.5403937 0 P 0
L 0.2301575 1.5303937 0.2501575 1.5303937 0 P 0
L 0.2301575 1.5603937 0.2301575 1.5703937 0 P 0
L 0.2301575 1.5703937 0.2501575 1.5703937 0 P 0
L 0.2301575 2.1109946 0.2301575 2.1209946 0 P 0
L 0.2301575 2.1109946 0.2501575 2.1109946 0 P 0
L 0.2301575 2.1409946 0.2301575 2.1509946 0 P 0
L 0.2301575 2.1509946 0.2501575 2.1509946 0 P 0
L 0.2301575 2.2109946 0.2301575 2.2209946 0 P 0
L 0.2301575 2.2109946 0.2501575 2.2109946 0 P 0
L 0.2301575 2.2409946 0.2301575 2.2509946 0 P 0
L 0.2301575 2.2509946 0.2501575 2.2509946 0 P 0
L 0.2501575 1.1303937 0.2501575 1.1403937 0 P 0
L 0.2501575 1.1403937 0.2601575 1.1403937 0 P 0
L 0.2501575 1.1603937 0.2501575 1.1703937 0 P 0
L 0.2501575 1.1603937 0.2601575 1.1603937 0 P 0
L 0.2501575 1.2303937 0.2501575 1.2403937 0 P 0
L 0.2501575 1.2403937 0.2601575 1.2403937 0 P 0
L 0.2501575 1.2603937 0.2501575 1.2703937 0 P 0
L 0.2501575 1.2603937 0.2601575 1.2603937 0 P 0
L 0.2501575 1.3303937 0.2501575 1.3403937 0 P 0
L 0.2501575 1.3403937 0.2601575 1.3403937 0 P 0
L 0.2501575 1.3603937 0.2501575 1.3703937 0 P 0
L 0.2501575 1.3603937 0.2601575 1.3603937 0 P 0
L 0.2501575 1.4303937 0.2501575 1.4403937 0 P 0
L 0.2501575 1.4403937 0.2601575 1.4403937 0 P 0
L 0.2501575 1.4603937 0.2501575 1.4703937 0 P 0
L 0.2501575 1.4603937 0.2601575 1.4603937 0 P 0
L 0.2501575 1.5303937 0.2501575 1.5403937 0 P 0
L 0.2501575 1.5403937 0.2601575 1.5403937 0 P 0
L 0.2501575 1.5603937 0.2501575 1.5703937 0 P 0
L 0.2501575 1.5603937 0.2601575 1.5603937 0 P 0
L 0.2501575 2.1109946 0.2501575 2.1209946 0 P 0
L 0.2501575 2.1209946 0.2601575 2.1209946 0 P 0
L 0.2501575 2.1409946 0.2501575 2.1509946 0 P 0
L 0.2501575 2.1409946 0.2601575 2.1409946 0 P 0
L 0.2501575 2.2109946 0.2501575 2.2209946 0 P 0
L 0.2501575 2.2209946 0.2601575 2.2209946 0 P 0
L 0.2501575 2.2409946 0.2501575 2.2509946 0 P 0
L 0.2501575 2.2409946 0.2601575 2.2409946 0 P 0
L 0.2601575 1.1403937 0.2601575 1.1603937 0 P 0
L 0.2601575 1.2403937 0.2601575 1.2603937 0 P 0
L 0.2601575 1.3403937 0.2601575 1.3603937 0 P 0
L 0.2601575 1.4403937 0.2601575 1.4603937 0 P 0
L 0.2601575 1.5403937 0.2601575 1.5603937 0 P 0
L 0.2601575 2.1209946 0.2601575 2.1409946 0 P 0
L 0.2601575 2.2209946 0.2601575 2.2409946 0 P 0
L 0.4625216 1.006807 0.4825216 0.986807 0 P 0
L 0.4625216 1.006807 0.4825216 1.026807 0 P 0
L 0.4625216 1.0760776 0.4825216 1.0560776 0 P 0
L 0.4625216 1.0760776 0.4825216 1.0960776 0 P 0
L 0.4825216 0.986807 0.5025216 1.006807 0 P 0
L 0.4825216 1.026807 0.5025216 1.006807 0 P 0
L 0.4825216 1.0560776 0.5025216 1.0760776 0 P 0
L 0.4825216 1.0960776 0.5025216 1.0760776 0 P 0
L 0.5314961 3.3661417 0.5314961 3.3994643 0 P 0
L 0.5314961 3.3994643 0.5481574 3.4161255 0 P 0
L 0.5314961 3.5629921 0.5314961 3.5963147 0 P 0
L 0.5314961 3.5963147 0.5481574 3.6129759 0 P 0
L 0.5481574 3.4161255 0.5648187 3.3994643 0 P 0
L 0.5481574 3.6129759 0.5648187 3.5963147 0 P 0
L 0.5648187 3.3661417 0.5648187 3.3911336 0 P 0
L 0.5648187 3.3911336 0.5314961 3.3911336 0 P 0
L 0.5648187 3.3994643 0.5648187 3.3661417 0 P 0
L 0.5648187 3.5629921 0.5648187 3.587984 0 P 0
L 0.5648187 3.587984 0.5314961 3.587984 0 P 0
L 0.5648187 3.5963147 0.5648187 3.5629921 0 P 0
L 0.6385508 1.006807 0.6585508 0.986807 0 P 0
L 0.6385508 1.006807 0.6585508 1.026807 0 P 0
L 0.6385508 1.0760776 0.6585508 1.0560776 0 P 0
L 0.6385508 1.0760776 0.6585508 1.0960776 0 P 0
L 0.6385508 1.5828498 0.6585508 1.5628498 0 P 0
L 0.6385508 1.5828498 0.6585508 1.6028498 0 P 0
L 0.6385508 1.6907538 0.6585508 1.6707538 0 P 0
L 0.6385508 1.6907538 0.6585508 1.7107538 0 P 0
L 0.6585508 0.986807 0.6785508 1.006807 0 P 0
L 0.6585508 1.026807 0.6785508 1.006807 0 P 0
L 0.6585508 1.0560776 0.6785508 1.0760776 0 P 0
L 0.6585508 1.0960776 0.6785508 1.0760776 0 P 0
L 0.6585508 1.5628498 0.6785508 1.5828498 0 P 0
L 0.6585508 1.6028498 0.6785508 1.5828498 0 P 0
L 0.6585508 1.6707538 0.6785508 1.6907538 0 P 0
L 0.6585508 1.7107538 0.6785508 1.6907538 0 P 0
L 0.7112992 1.2405954 0.7312992 1.2205954 0 P 0
L 0.7112992 1.2405954 0.7312992 1.2605954 0 P 0
L 0.7112992 1.2748252 0.7312992 1.2548252 0 P 0
L 0.7112992 1.2748252 0.7312992 1.2948252 0 P 0
L 0.7112992 1.309055 0.7312992 1.289055 0 P 0
L 0.7112992 1.309055 0.7312992 1.329055 0 P 0
L 0.7312992 1.2205954 0.7512992 1.2405954 0 P 0
L 0.7312992 1.2548252 0.7512992 1.2748252 0 P 0
L 0.7312992 1.2605954 0.7512992 1.2405954 0 P 0
L 0.7312992 1.289055 0.7512992 1.309055 0 P 0
L 0.7312992 1.2948252 0.7512992 1.2748252 0 P 0
L 0.7312992 1.329055 0.7512992 1.309055 0 P 0
L 0.7544212 1.2405954 0.7744212 1.2205954 0 P 0
L 0.7544212 1.2405954 0.7744212 1.2605954 0 P 0
L 0.7544212 1.2748252 0.7744212 1.2548252 0 P 0
L 0.7544212 1.2748252 0.7744212 1.2948252 0 P 0
L 0.7544212 1.3090551 0.7744212 1.2890551 0 P 0
L 0.7544212 1.3090551 0.7744212 1.3290551 0 P 0
L 0.7744212 1.2205954 0.7944212 1.2405954 0 P 0
L 0.7744212 1.2548252 0.7944212 1.2748252 0 P 0
L 0.7744212 1.2605954 0.7944212 1.2405954 0 P 0
L 0.7744212 1.2890551 0.7944212 1.3090551 0 P 0
L 0.7744212 1.2948252 0.7944212 1.2748252 0 P 0
L 0.7744212 1.3290551 0.7944212 1.3090551 0 P 0
L 0.8072452 1.006807 0.8272452 0.986807 0 P 0
L 0.8072452 1.006807 0.8272452 1.026807 0 P 0
L 0.8072452 1.0760776 0.8272452 1.0560776 0 P 0
L 0.8072452 1.0760776 0.8272452 1.0960776 0 P 0
L 0.8072452 1.6301452 0.8272452 1.6101452 0 P 0
L 0.8072452 1.6301452 0.8272452 1.6501452 0 P 0
L 0.8072452 1.6907538 0.8272452 1.6707538 0 P 0
L 0.8072452 1.6907538 0.8272452 1.7107538 0 P 0
L 0.8272452 0.986807 0.8472452 1.006807 0 P 0
L 0.8272452 1.026807 0.8472452 1.006807 0 P 0
L 0.8272452 1.0560776 0.8472452 1.0760776 0 P 0
L 0.8272452 1.0960776 0.8472452 1.0760776 0 P 0
L 0.8272452 1.6101452 0.8472452 1.6301452 0 P 0
L 0.8272452 1.6501452 0.8472452 1.6301452 0 P 0
L 0.8272452 1.6707538 0.8472452 1.6907538 0 P 0
L 0.8272452 1.7107538 0.8472452 1.6907538 0 P 0
L 0.8756693 2.2137222 0.8956693 2.1937222 0 P 0
L 0.8756693 2.2137222 0.8956693 2.2337222 0 P 0
L 0.8756693 2.36838 0.8956693 2.34838 0 P 0
L 0.8756693 2.36838 0.8956693 2.38838 0 P 0
L 0.8756693 2.500294 0.8956693 2.480294 0 P 0
L 0.8756693 2.500294 0.8956693 2.520294 0 P 0
L 0.8756693 2.6404281 0.8956693 2.6204281 0 P 0
L 0.8756693 2.6404281 0.8956693 2.6604281 0 P 0
L 0.8756693 2.817753 0.8956693 2.797753 0 P 0
L 0.8756693 2.817753 0.8956693 2.837753 0 P 0
L 0.8756693 2.8983021 0.8956693 2.8783021 0 P 0
L 0.8756693 2.8983021 0.8956693 2.9183021 0 P 0
L 0.8839622 1.6907538 0.9039622 1.6707538 0 P 0
L 0.8839622 1.6907538 0.9039622 1.7107538 0 P 0
L 0.8956693 2.1937222 0.9156693 2.2137222 0 P 0
L 0.8956693 2.2337222 0.9156693 2.2137222 0 P 0
L 0.8956693 2.34838 0.9156693 2.36838 0 P 0
L 0.8956693 2.38838 0.9156693 2.36838 0 P 0
L 0.8956693 2.480294 0.9156693 2.500294 0 P 0
L 0.8956693 2.520294 0.9156693 2.500294 0 P 0
L 0.8956693 2.6204281 0.9156693 2.6404281 0 P 0
L 0.8956693 2.6604281 0.9156693 2.6404281 0 P 0
L 0.8956693 2.797753 0.9156693 2.817753 0 P 0
L 0.8956693 2.837753 0.9156693 2.817753 0 P 0
L 0.8956693 2.8783021 0.9156693 2.8983021 0 P 0
L 0.8956693 2.9183021 0.9156693 2.8983021 0 P 0
L 0.9039622 1.6707538 0.9239622 1.6907538 0 P 0
L 0.9039622 1.7107538 0.9239622 1.6907538 0 P 0
L 0.9101182 3.2721262 0.9101182 3.3121262 0 P 0
L 0.9101182 3.2721262 0.9501182 3.2721262 0 P 0
L 0.9101182 3.3121262 0.9501182 3.3121262 0 P 0
L 0.9501182 3.2721262 0.9501182 3.3121262 0 P 0
L 0.9731102 2.8983021 0.9931102 2.8783021 0 P 0
L 0.9731102 2.8983021 0.9931102 2.9183021 0 P 0
L 0.9731102 3.0266862 0.9931102 3.0066862 0 P 0
L 0.9731102 3.0266862 0.9931102 3.0466862 0 P 0
L 0.9931102 2.8783021 1.0131102 2.8983021 0 P 0
L 0.9931102 2.9183021 1.0131102 2.8983021 0 P 0
L 0.9931102 3.0066862 1.0131102 3.0266862 0 P 0
L 0.9931102 3.0466862 1.0131102 3.0266862 0 P 0
L 0.9955008 1.006807 1.0155008 0.986807 0 P 0
L 0.9955008 1.006807 1.0155008 1.026807 0 P 0
L 0.9955008 1.0760776 1.0155008 1.0560776 0 P 0
L 0.9955008 1.0760776 1.0155008 1.0960776 0 P 0
L 0.9955008 1.5828498 1.0155008 1.5628498 0 P 0
L 0.9955008 1.5828498 1.0155008 1.6028498 0 P 0
L 0.9955008 1.6907538 1.0155008 1.6707538 0 P 0
L 0.9955008 1.6907538 1.0155008 1.7107538 0 P 0
L 1.0134646 1.4724409 1.0334646 1.4524409 0 P 0
L 1.0134646 1.4724409 1.0334646 1.4924409 0 P 0
L 1.0134646 1.5206693 1.0334646 1.5006693 0 P 0
L 1.0134646 1.5206693 1.0334646 1.5406693 0 P 0
L 1.0155008 0.986807 1.0355008 1.006807 0 P 0
L 1.0155008 1.026807 1.0355008 1.006807 0 P 0
L 1.0155008 1.0560776 1.0355008 1.0760776 0 P 0
L 1.0155008 1.0960776 1.0355008 1.0760776 0 P 0
L 1.0155008 1.5628498 1.0355008 1.5828498 0 P 0
L 1.0155008 1.6028498 1.0355008 1.5828498 0 P 0
L 1.0155008 1.6707538 1.0355008 1.6907538 0 P 0
L 1.0155008 1.7107538 1.0355008 1.6907538 0 P 0
L 1.0334646 1.4524409 1.0534646 1.4724409 0 P 0
L 1.0334646 1.4924409 1.0534646 1.4724409 0 P 0
L 1.0334646 1.5006693 1.0534646 1.5206693 0 P 0
L 1.0334646 1.5406693 1.0534646 1.5206693 0 P 0
L 1.0597376 1.4724409 1.0797376 1.4524409 0 P 0
L 1.0597376 1.4724409 1.0797376 1.4924409 0 P 0
L 1.0597376 1.5206693 1.0797376 1.5006693 0 P 0
L 1.0597376 1.5206693 1.0797376 1.5406693 0 P 0
L 1.0597376 1.5600394 1.0797376 1.5400394 0 P 0
L 1.0597376 1.5600394 1.0797376 1.5800394 0 P 0
L 1.0797376 1.4524409 1.0997376 1.4724409 0 P 0
L 1.0797376 1.4924409 1.0997376 1.4724409 0 P 0
L 1.0797376 1.5006693 1.0997376 1.5206693 0 P 0
L 1.0797376 1.5400394 1.0997376 1.5600394 0 P 0
L 1.0797376 1.5406693 1.0997376 1.5206693 0 P 0
L 1.0797376 1.5800394 1.0997376 1.5600394 0 P 0
L 1.0939638 1.6907538 1.1139638 1.6707538 0 P 0
L 1.0939638 1.6907538 1.1139638 1.7107538 0 P 0
L 1.1139638 1.6707538 1.1339638 1.6907538 0 P 0
L 1.1139638 1.7107538 1.1339638 1.6907538 0 P 0
L 1.1233695 2.1530099 1.1433695 2.1330099 0 P 0
L 1.1233695 2.1530099 1.1433695 2.1730099 0 P 0
L 1.1233695 2.1946151 1.1433695 2.1746151 0 P 0
L 1.1233695 2.1946151 1.1433695 2.2146151 0 P 0
L 1.1233695 2.2362203 1.1433695 2.2162203 0 P 0
L 1.1233695 2.2362203 1.1433695 2.2562203 0 P 0
L 1.1233695 2.8688104 1.1433695 2.8488104 0 P 0
L 1.1233695 2.8688104 1.1433695 2.8888104 0 P 0
L 1.1233695 2.9365146 1.1433695 2.9165146 0 P 0
L 1.1233695 2.9365146 1.1433695 2.9565146 0 P 0
L 1.1233695 3.0042188 1.1433695 2.9842188 0 P 0
L 1.1233695 3.0042188 1.1433695 3.0242188 0 P 0
L 1.1355118 1.1988189 1.1555118 1.1788189 0 P 0
L 1.1355118 1.1988189 1.1555118 1.2188189 0 P 0
L 1.1368172 1.5828498 1.1568172 1.5628498 0 P 0
L 1.1368172 1.5828498 1.1568172 1.6028498 0 P 0
L 1.1433695 2.1330099 1.1633695 2.1530099 0 P 0
L 1.1433695 2.1730099 1.1633695 2.1530099 0 P 0
L 1.1433695 2.1746151 1.1633695 2.1946151 0 P 0
L 1.1433695 2.2146151 1.1633695 2.1946151 0 P 0
L 1.1433695 2.2162203 1.1633695 2.2362203 0 P 0
L 1.1433695 2.2562203 1.1633695 2.2362203 0 P 0
L 1.1433695 2.8488104 1.1633695 2.8688104 0 P 0
L 1.1433695 2.8888104 1.1633695 2.8688104 0 P 0
L 1.1433695 2.9165146 1.1633695 2.9365146 0 P 0
L 1.1433695 2.9565146 1.1633695 2.9365146 0 P 0
L 1.1433695 2.9842188 1.1633695 3.0042188 0 P 0
L 1.1433695 3.0242188 1.1633695 3.0042188 0 P 0
L 1.1535792 1.2736221 1.1735792 1.2536221 0 P 0
L 1.1535792 1.2736221 1.1735792 1.2936221 0 P 0
L 1.1555118 1.1788189 1.1755118 1.1988189 0 P 0
L 1.1555118 1.2188189 1.1755118 1.1988189 0 P 0
L 1.1568172 1.5628498 1.1768172 1.5828498 0 P 0
L 1.1568172 1.6028498 1.1768172 1.5828498 0 P 0
L 1.1647663 1.1988189 1.1847663 1.1788189 0 P 0
L 1.1647663 1.1988189 1.1847663 1.2188189 0 P 0
L 1.1685176 2.1530099 1.1885176 2.1330099 0 P 0
L 1.1685176 2.1530099 1.1885176 2.1730099 0 P 0
L 1.1685176 2.2362205 1.1885176 2.2162205 0 P 0
L 1.1685176 2.2362205 1.1885176 2.2562205 0 P 0
L 1.1685176 2.8688104 1.1885176 2.8488104 0 P 0
L 1.1685176 2.8688104 1.1885176 2.8888104 0 P 0
L 1.1685176 2.9365146 1.1885176 2.9165146 0 P 0
L 1.1685176 2.9365146 1.1885176 2.9565146 0 P 0
L 1.1685176 3.0042188 1.1885176 2.9842188 0 P 0
L 1.1685176 3.0042188 1.1885176 3.0242188 0 P 0
L 1.1688789 2.1946151 1.1888789 2.1746151 0 P 0
L 1.1688789 2.1946151 1.1888789 2.2146151 0 P 0
L 1.1735792 1.2536221 1.1935792 1.2736221 0 P 0
L 1.1735792 1.2936221 1.1935792 1.2736221 0 P 0
L 1.184743 1.2736221 1.204743 1.2536221 0 P 0
L 1.184743 1.2736221 1.204743 1.2936221 0 P 0
L 1.1847663 1.1788189 1.2047663 1.1988189 0 P 0
L 1.1847663 1.2188189 1.2047663 1.1988189 0 P 0
L 1.1885176 2.1330099 1.2085176 2.1530099 0 P 0
L 1.1885176 2.1730099 1.2085176 2.1530099 0 P 0
L 1.1885176 2.2162205 1.2085176 2.2362205 0 P 0
L 1.1885176 2.2562205 1.2085176 2.2362205 0 P 0
L 1.1885176 2.8488104 1.2085176 2.8688104 0 P 0
L 1.1885176 2.8888104 1.2085176 2.8688104 0 P 0
L 1.1885176 2.9165146 1.2085176 2.9365146 0 P 0
L 1.1885176 2.9565146 1.2085176 2.9365146 0 P 0
L 1.1885176 2.9842188 1.2085176 3.0042188 0 P 0
L 1.1885176 3.0242188 1.2085176 3.0042188 0 P 0
L 1.1888789 2.1746151 1.2088789 2.1946151 0 P 0
L 1.1888789 2.2146151 1.2088789 2.1946151 0 P 0
L 1.1940208 1.1988189 1.2140208 1.1788189 0 P 0
L 1.1940208 1.1988189 1.2140208 1.2188189 0 P 0
L 1.199238 1.006807 1.219238 0.986807 0 P 0
L 1.199238 1.006807 1.219238 1.026807 0 P 0
L 1.199238 1.0760776 1.219238 1.0560776 0 P 0
L 1.199238 1.0760776 1.219238 1.0960776 0 P 0
L 1.199238 1.5828498 1.219238 1.5628498 0 P 0
L 1.199238 1.5828498 1.219238 1.6028498 0 P 0
L 1.199238 1.6907538 1.219238 1.6707538 0 P 0
L 1.199238 1.6907538 1.219238 1.7107538 0 P 0
L 1.204743 1.2536221 1.224743 1.2736221 0 P 0
L 1.204743 1.2936221 1.224743 1.2736221 0 P 0
L 1.213097 1.2736221 1.233097 1.2536221 0 P 0
L 1.213097 1.2736221 1.233097 1.2936221 0 P 0
L 1.2140208 1.1788189 1.2340208 1.1988189 0 P 0
L 1.2140208 1.2188189 1.2340208 1.1988189 0 P 0
L 1.219238 0.986807 1.239238 1.006807 0 P 0
L 1.219238 1.026807 1.239238 1.006807 0 P 0
L 1.219238 1.0560776 1.239238 1.0760776 0 P 0
L 1.219238 1.0960776 1.239238 1.0760776 0 P 0
L 1.219238 1.5628498 1.239238 1.5828498 0 P 0
L 1.219238 1.6028498 1.239238 1.5828498 0 P 0
L 1.219238 1.6707538 1.239238 1.6907538 0 P 0
L 1.219238 1.7107538 1.239238 1.6907538 0 P 0
L 1.2215009 1.4289966 1.2415009 1.4089966 0 P 0
L 1.2215009 1.4289966 1.2415009 1.4489966 0 P 0
L 1.2232753 1.1988189 1.2432753 1.1788189 0 P 0
L 1.2232753 1.1988189 1.2432753 1.2188189 0 P 0
L 1.233097 1.2536221 1.253097 1.2736221 0 P 0
L 1.233097 1.2936221 1.253097 1.2736221 0 P 0
L 1.2415009 1.4089966 1.2615009 1.4289966 0 P 0
L 1.2415009 1.4489966 1.2615009 1.4289966 0 P 0
L 1.2432753 1.1788189 1.2632753 1.1988189 0 P 0
L 1.2432753 1.2188189 1.2632753 1.1988189 0 P 0
L 1.2725672 1.5828498 1.2925672 1.5628498 0 P 0
L 1.2725672 1.5828498 1.2925672 1.6028498 0 P 0
L 1.2925672 1.5628498 1.3125672 1.5828498 0 P 0
L 1.2925672 1.6028498 1.3125672 1.5828498 0 P 0
L 1.3075754 1.6907538 1.3275754 1.6707538 0 P 0
L 1.3075754 1.6907538 1.3275754 1.7107538 0 P 0
L 1.3075958 1.8670174 1.3275958 1.8470174 0 P 0
L 1.3075958 1.8670174 1.3275958 1.8870174 0 P 0
L 1.3135196 2.8983021 1.3335196 2.8783021 0 P 0
L 1.3135196 2.8983021 1.3335196 2.9183021 0 P 0
L 1.3135196 3.0266862 1.3335196 3.0066862 0 P 0
L 1.3135196 3.0266862 1.3335196 3.0466862 0 P 0
L 1.3275754 1.6707538 1.3475754 1.6907538 0 P 0
L 1.3275754 1.7107538 1.3475754 1.6907538 0 P 0
L 1.3275958 1.8470174 1.3475958 1.8670174 0 P 0
L 1.3275958 1.8870174 1.3475958 1.8670174 0 P 0
L 1.3335196 2.8783021 1.3535196 2.8983021 0 P 0
L 1.3335196 2.9183021 1.3535196 2.8983021 0 P 0
L 1.3335196 3.0066862 1.3535196 3.0266862 0 P 0
L 1.3335196 3.0466862 1.3535196 3.0266862 0 P 0
L 1.349144 1.5828498 1.369144 1.5628498 0 P 0
L 1.349144 1.5828498 1.369144 1.6028498 0 P 0
L 1.369144 1.5628498 1.389144 1.5828498 0 P 0
L 1.369144 1.6028498 1.389144 1.5828498 0 P 0
L 1.411433 1.9084988 1.431433 1.8884988 0 P 0
L 1.411433 1.9084988 1.431433 1.9284988 0 P 0
L 1.4120372 2.8983021 1.4320372 2.8783021 0 P 0
L 1.4120372 2.8983021 1.4320372 2.9183021 0 P 0
L 1.4120372 3.0266862 1.4320372 3.0066862 0 P 0
L 1.4120372 3.0266862 1.4320372 3.0466862 0 P 0
L 1.4160144 1.006807 1.4360144 0.986807 0 P 0
L 1.4160144 1.006807 1.4360144 1.026807 0 P 0
L 1.4160144 1.0760776 1.4360144 1.0560776 0 P 0
L 1.4160144 1.0760776 1.4360144 1.0960776 0 P 0
L 1.4160144 1.5828498 1.4360144 1.5628498 0 P 0
L 1.4160144 1.5828498 1.4360144 1.6028498 0 P 0
L 1.4160144 1.6907538 1.4360144 1.6707538 0 P 0
L 1.4160144 1.6907538 1.4360144 1.7107538 0 P 0
L 1.431433 1.8884988 1.451433 1.9084988 0 P 0
L 1.431433 1.9284988 1.451433 1.9084988 0 P 0
L 1.4320372 2.8783021 1.4520372 2.8983021 0 P 0
L 1.4320372 2.9183021 1.4520372 2.8983021 0 P 0
L 1.4320372 3.0066862 1.4520372 3.0266862 0 P 0
L 1.4320372 3.0466862 1.4520372 3.0266862 0 P 0
L 1.4360144 0.986807 1.4560144 1.006807 0 P 0
L 1.4360144 1.026807 1.4560144 1.006807 0 P 0
L 1.4360144 1.0560776 1.4560144 1.0760776 0 P 0
L 1.4360144 1.0960776 1.4560144 1.0760776 0 P 0
L 1.4360144 1.5628498 1.4560144 1.5828498 0 P 0
L 1.4360144 1.6028498 1.4560144 1.5828498 0 P 0
L 1.4360144 1.6707538 1.4560144 1.6907538 0 P 0
L 1.4360144 1.7107538 1.4560144 1.6907538 0 P 0
L 1.476063 1.5688976 1.496063 1.5488976 0 P 0
L 1.476063 1.5688976 1.496063 1.5888976 0 P 0
L 1.496063 1.5488976 1.516063 1.5688976 0 P 0
L 1.496063 1.5888976 1.516063 1.5688976 0 P 0
L 1.4996851 2.2703784 1.5196851 2.2503784 0 P 0
L 1.4996851 2.2703784 1.5196851 2.2903784 0 P 0
L 1.5196851 2.2503784 1.5396851 2.2703784 0 P 0
L 1.5196851 2.2903784 1.5396851 2.2703784 0 P 0
L 1.5233071 1.5246063 1.5433071 1.5046063 0 P 0
L 1.5233071 1.5246063 1.5433071 1.5446063 0 P 0
L 1.5258118 1.6907538 1.5458118 1.6707538 0 P 0
L 1.5258118 1.6907538 1.5458118 1.7107538 0 P 0
L 1.5433071 1.5046063 1.5633071 1.5246063 0 P 0
L 1.5433071 1.5446063 1.5633071 1.5246063 0 P 0
L 1.5458118 1.6707538 1.5658118 1.6907538 0 P 0
L 1.5458118 1.7107538 1.5658118 1.6907538 0 P 0
L 1.5548031 1.3543307 1.5748031 1.3343307 0 P 0
L 1.5548031 1.3543307 1.5748031 1.3743307 0 P 0
L 1.5748031 1.3343307 1.5948031 1.3543307 0 P 0
L 1.5748031 1.3743307 1.5948031 1.3543307 0 P 0
L 1.5754724 1.6387795 1.5954724 1.6187795 0 P 0
L 1.5754724 1.6387795 1.5954724 1.6587795 0 P 0
L 1.5764567 1.4704724 1.5964567 1.4504724 0 P 0
L 1.5764567 1.4704724 1.5964567 1.4904724 0 P 0
L 1.5954724 1.6187795 1.6154724 1.6387795 0 P 0
L 1.5954724 1.6587795 1.6154724 1.6387795 0 P 0
L 1.5964567 1.4504724 1.6164567 1.4704724 0 P 0
L 1.5964567 1.4904724 1.6164567 1.4704724 0 P 0
L 1.6138584 3.482126 1.6238584 3.482126 0 P 0
L 1.6138584 3.482126 1.6238584 3.492126 0 P 0
L 1.6138584 3.502126 1.6238584 3.492126 0 P 0
L 1.6138584 3.502126 1.6238584 3.502126 0 P 0
L 1.6138584 3.7483465 1.6338584 3.7083465 0 P 0
L 1.6138584 3.7483465 1.6538584 3.7483465 0 P 0
L 1.6238584 3.482126 1.6338584 3.472126 0 P 0
L 1.6238584 3.502126 1.6338584 3.512126 0 P 0
L 1.6293618 1.006807 1.6493618 0.986807 0 P 0
L 1.6293618 1.006807 1.6493618 1.026807 0 P 0
L 1.6293618 1.0760776 1.6493618 1.0560776 0 P 0
L 1.6293618 1.0760776 1.6493618 1.0960776 0 P 0
L 1.6293618 1.4180986 1.6493618 1.3980986 0 P 0
L 1.6293618 1.4180986 1.6493618 1.4380986 0 P 0
L 1.6293618 1.5828498 1.6493618 1.5628498 0 P 0
L 1.6293618 1.5828498 1.6493618 1.6028498 0 P 0
L 1.6293618 1.6907538 1.6493618 1.6707538 0 P 0
L 1.6293618 1.6907538 1.6493618 1.7107538 0 P 0
L 1.6338584 3.472126 1.6438584 3.482126 0 P 0
L 1.6338584 3.512126 1.6438584 3.502126 0 P 0
L 1.6338584 3.7083465 1.6538584 3.7483465 0 P 0
L 1.6438584 3.482126 1.6538584 3.482126 0 P 0
L 1.6438584 3.492126 1.6538584 3.482126 0 P 0
L 1.6438584 3.492126 1.6538584 3.502126 0 P 0
L 1.6438584 3.502126 1.6538584 3.502126 0 P 0
L 1.6493618 0.986807 1.6693618 1.006807 0 P 0
L 1.6493618 1.026807 1.6693618 1.006807 0 P 0
L 1.6493618 1.0560776 1.6693618 1.0760776 0 P 0
L 1.6493618 1.0960776 1.6693618 1.0760776 0 P 0
L 1.6493618 1.3980986 1.6693618 1.4180986 0 P 0
L 1.6493618 1.4380986 1.6693618 1.4180986 0 P 0
L 1.6493618 1.5628498 1.6693618 1.5828498 0 P 0
L 1.6493618 1.6028498 1.6693618 1.5828498 0 P 0
L 1.6493618 1.6707538 1.6693618 1.6907538 0 P 0
L 1.6493618 1.7107538 1.6693618 1.6907538 0 P 0
L 1.6640551 1.3769685 1.6840551 1.3569685 0 P 0
L 1.6640551 1.3769685 1.6840551 1.3969685 0 P 0
L 1.6840551 1.3569685 1.7040551 1.3769685 0 P 0
L 1.6840551 1.3969685 1.7040551 1.3769685 0 P 0
L 1.6925984 1.5275591 1.7125984 1.5075591 0 P 0
L 1.6925984 1.5275591 1.7125984 1.5475591 0 P 0
L 1.7054776 1.7935532 1.7254776 1.7735532 0 P 0
L 1.7054776 1.7935532 1.7254776 1.8135532 0 P 0
L 1.7125984 1.5075591 1.7325984 1.5275591 0 P 0
L 1.7125984 1.5475591 1.7325984 1.5275591 0 P 0
L 1.7254776 1.7735532 1.7454776 1.7935532 0 P 0
L 1.7254776 1.8135532 1.7454776 1.7935532 0 P 0
L 1.7467323 1.4753937 1.7667323 1.4553937 0 P 0
L 1.7467323 1.4753937 1.7667323 1.4953937 0 P 0
L 1.7667323 1.4553937 1.7867323 1.4753937 0 P 0
L 1.7667323 1.4953937 1.7867323 1.4753937 0 P 0
L 1.7742913 1.4005906 1.7942913 1.3805906 0 P 0
L 1.7742913 1.4005906 1.7942913 1.4205906 0 P 0
L 1.7942913 1.3805906 1.8142913 1.4005906 0 P 0
L 1.7942913 1.4205906 1.8142913 1.4005906 0 P 0
L 1.7988978 3.6302362 1.8188978 3.5902362 0 P 0
L 1.7988978 3.6302362 1.8388978 3.6302362 0 P 0
L 1.8155054 1.006807 1.8355054 0.986807 0 P 0
L 1.8155054 1.006807 1.8355054 1.026807 0 P 0
L 1.8155054 1.0760776 1.8355054 1.0560776 0 P 0
L 1.8155054 1.0760776 1.8355054 1.0960776 0 P 0
L 1.8155054 1.2070572 1.8355054 1.1870572 0 P 0
L 1.8155054 1.2070572 1.8355054 1.2270572 0 P 0
L 1.8155054 1.3291766 1.8355054 1.3091766 0 P 0
L 1.8155054 1.3291766 1.8355054 1.3491766 0 P 0
L 1.8155054 1.461967 1.8355054 1.441967 0 P 0
L 1.8155054 1.461967 1.8355054 1.481967 0 P 0
L 1.8188978 3.5902362 1.8388978 3.6302362 0 P 0
L 1.8355054 0.986807 1.8555054 1.006807 0 P 0
L 1.8355054 1.026807 1.8555054 1.006807 0 P 0
L 1.8355054 1.0560776 1.8555054 1.0760776 0 P 0
L 1.8355054 1.0960776 1.8555054 1.0760776 0 P 0
L 1.8355054 1.1870572 1.8555054 1.2070572 0 P 0
L 1.8355054 1.2270572 1.8555054 1.2070572 0 P 0
L 1.8355054 1.3091766 1.8555054 1.3291766 0 P 0
L 1.8355054 1.3491766 1.8555054 1.3291766 0 P 0
L 1.8355054 1.441967 1.8555054 1.461967 0 P 0
L 1.8355054 1.481967 1.8555054 1.461967 0 P 0
L 1.8482916 1.8661418 1.8682916 1.8461418 0 P 0
L 1.8482916 1.8661418 1.8682916 1.8861418 0 P 0
L 1.8530315 1.6567346 1.8730315 1.6367346 0 P 0
L 1.8530315 1.6567346 1.8730315 1.6767346 0 P 0
L 1.856245 2.0722396 1.876245 2.0522396 0 P 0
L 1.856245 2.0722396 1.876245 2.0922396 0 P 0
L 1.856245 2.2150264 1.876245 2.1950264 0 P 0
L 1.856245 2.2150264 1.876245 2.2350264 0 P 0
L 1.856245 2.500294 1.876245 2.480294 0 P 0
L 1.856245 2.500294 1.876245 2.520294 0 P 0
L 1.856245 2.6404281 1.876245 2.6204281 0 P 0
L 1.856245 2.6404281 1.876245 2.6604281 0 P 0
L 1.8682916 1.8461418 1.8882916 1.8661418 0 P 0
L 1.8682916 1.8861418 1.8882916 1.8661418 0 P 0
L 1.8730315 1.6367346 1.8930315 1.6567346 0 P 0
L 1.8730315 1.6767346 1.8930315 1.6567346 0 P 0
L 1.876245 2.0522396 1.896245 2.0722396 0 P 0
L 1.876245 2.0922396 1.896245 2.0722396 0 P 0
L 1.876245 2.1950264 1.896245 2.2150264 0 P 0
L 1.876245 2.2350264 1.896245 2.2150264 0 P 0
L 1.876245 2.480294 1.896245 2.500294 0 P 0
L 1.876245 2.520294 1.896245 2.500294 0 P 0
L 1.876245 2.6204281 1.896245 2.6404281 0 P 0
L 1.876245 2.6604281 1.896245 2.6404281 0 P 0
L 1.9012598 1.9860583 1.9212598 1.9660583 0 P 0
L 1.9012598 1.9860583 1.9212598 2.0060583 0 P 0
L 1.9212598 1.9660583 1.9412598 1.9860583 0 P 0
L 1.9212598 2.0060583 1.9412598 1.9860583 0 P 0
L 2.039407 1.4780249 2.059407 1.4580249 0 P 0
L 2.039407 1.4780249 2.059407 1.4980249 0 P 0
L 2.039407 2.6417323 2.059407 2.6217323 0 P 0
L 2.039407 2.6417323 2.059407 2.6617323 0 P 0
L 2.039407 2.817753 2.059407 2.797753 0 P 0
L 2.039407 2.817753 2.059407 2.837753 0 P 0
L 2.039407 3.0266862 2.059407 3.0066862 0 P 0
L 2.039407 3.0266862 2.059407 3.0466862 0 P 0
L 2.059407 1.4580249 2.079407 1.4780249 0 P 0
L 2.059407 1.4980249 2.079407 1.4780249 0 P 0
L 2.059407 2.6217323 2.079407 2.6417323 0 P 0
L 2.059407 2.6617323 2.079407 2.6417323 0 P 0
L 2.059407 2.797753 2.079407 2.817753 0 P 0
L 2.059407 2.837753 2.079407 2.817753 0 P 0
L 2.059407 3.0066862 2.079407 3.0266862 0 P 0
L 2.059407 3.0466862 2.079407 3.0266862 0 P 0
L 2.1569721 2.2951753 2.1769721 2.2751753 0 P 0
L 2.1569721 2.2951753 2.1769721 2.3151753 0 P 0
L 2.1769721 2.2751753 2.1969721 2.2951753 0 P 0
L 2.1769721 2.3151753 2.1969721 2.2951753 0 P 0
L 2.1994882 2.4702332 2.2194882 2.4502332 0 P 0
L 2.1994882 2.4702332 2.2194882 2.4902332 0 P 0
L 2.2178728 2.6404281 2.2378728 2.6204281 0 P 0
L 2.2178728 2.6404281 2.2378728 2.6604281 0 P 0
L 2.2178728 2.817753 2.2378728 2.797753 0 P 0
L 2.2178728 2.817753 2.2378728 2.837753 0 P 0
L 2.2178728 3.0266862 2.2378728 3.0066862 0 P 0
L 2.2178728 3.0266862 2.2378728 3.0466862 0 P 0
L 2.2194882 2.4502332 2.2394882 2.4702332 0 P 0
L 2.2194882 2.4902332 2.2394882 2.4702332 0 P 0
L 2.2252624 2.4491104 2.2452624 2.4291104 0 P 0
L 2.2252624 2.4491104 2.2452624 2.4691104 0 P 0
L 2.2378728 2.6204281 2.2578728 2.6404281 0 P 0
L 2.2378728 2.6604281 2.2578728 2.6404281 0 P 0
L 2.2378728 2.797753 2.2578728 2.817753 0 P 0
L 2.2378728 2.837753 2.2578728 2.817753 0 P 0
L 2.2378728 3.0066862 2.2578728 3.0266862 0 P 0
L 2.2378728 3.0466862 2.2578728 3.0266862 0 P 0
L 2.2452624 2.4291104 2.2652624 2.4491104 0 P 0
L 2.2452624 2.4691104 2.2652624 2.4491104 0 P 0
L 2.2506693 2.4702332 2.2706693 2.4502332 0 P 0
L 2.2506693 2.4702332 2.2706693 2.4902332 0 P 0
L 2.2706693 2.4502332 2.2906693 2.4702332 0 P 0
L 2.2706693 2.4902332 2.2906693 2.4702332 0 P 0
L 2.2922234 1.6919291 2.3122234 1.6719291 0 P 0
L 2.2922234 1.6919291 2.3122234 1.7119291 0 P 0
L 2.2922234 1.7687008 2.3122234 1.7487008 0 P 0
L 2.2922234 1.7687008 2.3122234 1.7887008 0 P 0
L 2.2922234 1.871063 2.3122234 1.851063 0 P 0
L 2.2922234 1.871063 2.3122234 1.891063 0 P 0
L 2.3122234 1.6719291 2.3322234 1.6919291 0 P 0
L 2.3122234 1.7119291 2.3322234 1.6919291 0 P 0
L 2.3122234 1.7487008 2.3322234 1.7687008 0 P 0
L 2.3122234 1.7887008 2.3322234 1.7687008 0 P 0
L 2.3122234 1.851063 2.3322234 1.871063 0 P 0
L 2.3122234 1.891063 2.3322234 1.871063 0 P 0
L 2.3422047 1.6663386 2.3622047 1.6463386 0 P 0
L 2.3422047 1.6663386 2.3622047 1.6863386 0 P 0
L 2.3622047 1.6463386 2.3822047 1.6663386 0 P 0
L 2.3622047 1.6863386 2.3822047 1.6663386 0 P 0
L 2.370494 2.500294 2.390494 2.480294 0 P 0
L 2.370494 2.500294 2.390494 2.520294 0 P 0
L 2.370494 2.6404281 2.390494 2.6204281 0 P 0
L 2.370494 2.6404281 2.390494 2.6604281 0 P 0
L 2.370494 2.817753 2.390494 2.797753 0 P 0
L 2.370494 2.817753 2.390494 2.837753 0 P 0
L 2.3734013 0.8418644 2.3934013 0.8218644 0 P 0
L 2.3734013 0.8418644 2.3934013 0.8618644 0 P 0
L 2.3839064 1.871063 2.4039064 1.851063 0 P 0
L 2.3839064 1.871063 2.4039064 1.891063 0 P 0
L 2.390494 2.480294 2.410494 2.500294 0 P 0
L 2.390494 2.520294 2.410494 2.500294 0 P 0
L 2.390494 2.6204281 2.410494 2.6404281 0 P 0
L 2.390494 2.6604281 2.410494 2.6404281 0 P 0
L 2.390494 2.797753 2.410494 2.817753 0 P 0
L 2.390494 2.837753 2.410494 2.817753 0 P 0
L 2.3934013 0.8218644 2.4134013 0.8418644 0 P 0
L 2.3934013 0.8618644 2.4134013 0.8418644 0 P 0
L 2.4021696 2.2951754 2.4221696 2.2751754 0 P 0
L 2.4021696 2.2951754 2.4221696 2.3151754 0 P 0
L 2.4039064 1.851063 2.4239064 1.871063 0 P 0
L 2.4039064 1.891063 2.4239064 1.871063 0 P 0
L 2.4135825 0.4516538 2.4135825 0.4916538 0 P 0
L 2.4135825 0.4516538 2.4535825 0.4516538 0 P 0
L 2.4135825 0.4916538 2.4535825 0.4916538 0 P 0
L 2.4221696 2.2751754 2.4421696 2.2951754 0 P 0
L 2.4221696 2.3151754 2.4421696 2.2951754 0 P 0
L 2.4535825 0.4516538 2.4535825 0.4916538 0 P 0
L 2.541928 1.4780249 2.561928 1.4580249 0 P 0
L 2.541928 1.4780249 2.561928 1.4980249 0 P 0
L 2.541928 2.500294 2.561928 2.480294 0 P 0
L 2.541928 2.500294 2.561928 2.520294 0 P 0
L 2.541928 2.6404281 2.561928 2.6204281 0 P 0
L 2.541928 2.6404281 2.561928 2.6604281 0 P 0
L 2.541928 2.817753 2.561928 2.797753 0 P 0
L 2.541928 2.817753 2.561928 2.837753 0 P 0
L 2.561928 1.4580249 2.581928 1.4780249 0 P 0
L 2.561928 1.4980249 2.581928 1.4780249 0 P 0
L 2.561928 2.480294 2.581928 2.500294 0 P 0
L 2.561928 2.520294 2.581928 2.500294 0 P 0
L 2.561928 2.6204281 2.581928 2.6404281 0 P 0
L 2.561928 2.6604281 2.581928 2.6404281 0 P 0
L 2.561928 2.797753 2.581928 2.817753 0 P 0
L 2.561928 2.837753 2.581928 2.817753 0 P 0
L 2.6571654 3.2721262 2.6571654 3.3121262 0 P 0
L 2.6571654 3.2721262 2.6971654 3.2721262 0 P 0
L 2.6571654 3.3121262 2.6971654 3.3121262 0 P 0
L 2.6971654 3.2721262 2.6971654 3.3121262 0 P 0
L 2.710232 2.2137222 2.730232 2.1937222 0 P 0
L 2.710232 2.2137222 2.730232 2.2337222 0 P 0
L 2.710232 2.36838 2.730232 2.34838 0 P 0
L 2.710232 2.36838 2.730232 2.38838 0 P 0
L 2.710232 2.500294 2.730232 2.480294 0 P 0
L 2.710232 2.500294 2.730232 2.520294 0 P 0
L 2.710232 2.6404281 2.730232 2.6204281 0 P 0
L 2.710232 2.6404281 2.730232 2.6604281 0 P 0
L 2.7103252 2.817753 2.7303252 2.797753 0 P 0
L 2.7103252 2.817753 2.7303252 2.837753 0 P 0
L 2.730232 2.1937222 2.750232 2.2137222 0 P 0
L 2.730232 2.2337222 2.750232 2.2137222 0 P 0
L 2.730232 2.34838 2.750232 2.36838 0 P 0
L 2.730232 2.38838 2.750232 2.36838 0 P 0
L 2.730232 2.480294 2.750232 2.500294 0 P 0
L 2.730232 2.520294 2.750232 2.500294 0 P 0
L 2.730232 2.6204281 2.750232 2.6404281 0 P 0
L 2.730232 2.6604281 2.750232 2.6404281 0 P 0
L 2.7303252 2.797753 2.7503252 2.817753 0 P 0
L 2.7303252 2.837753 2.7503252 2.817753 0 P 0
L 2.7675048 1.9071946 2.7875048 1.8871946 0 P 0
L 2.7675048 1.9071946 2.7875048 1.9271946 0 P 0
L 2.7732464 1.6006954 2.7932464 1.5806954 0 P 0
L 2.7732464 1.6006954 2.7932464 1.6206954 0 P 0
L 2.7732464 1.6919291 2.7932464 1.6719291 0 P 0
L 2.7732464 1.6919291 2.7932464 1.7119291 0 P 0
L 2.7775999 1.246063 2.7975999 1.226063 0 P 0
L 2.7775999 1.246063 2.7975999 1.266063 0 P 0
L 2.7875048 1.8871946 2.8075048 1.9071946 0 P 0
L 2.7875048 1.9271946 2.8075048 1.9071946 0 P 0
L 2.7932464 1.5806954 2.8132464 1.6006954 0 P 0
L 2.7932464 1.6206954 2.8132464 1.6006954 0 P 0
L 2.7932464 1.6719291 2.8132464 1.6919291 0 P 0
L 2.7932464 1.7119291 2.8132464 1.6919291 0 P 0
L 2.7975999 1.226063 2.8175999 1.246063 0 P 0
L 2.7975999 1.266063 2.8175999 1.246063 0 P 0
L 2.8482112 1.5636363 2.8682112 1.5436363 0 P 0
L 2.8482112 1.5636363 2.8682112 1.5836363 0 P 0
L 2.8482112 2.2150264 2.8682112 2.1950264 0 P 0
L 2.8482112 2.2150264 2.8682112 2.2350264 0 P 0
L 2.8482112 2.3696842 2.8682112 2.3496842 0 P 0
L 2.8482112 2.3696842 2.8682112 2.3896842 0 P 0
L 2.8482112 2.5015982 2.8682112 2.4815982 0 P 0
L 2.8482112 2.5015982 2.8682112 2.5215982 0 P 0
L 2.8482112 2.6404281 2.8682112 2.6204281 0 P 0
L 2.8482112 2.6404281 2.8682112 2.6604281 0 P 0
L 2.8682112 1.5436363 2.8882112 1.5636363 0 P 0
L 2.8682112 1.5836363 2.8882112 1.5636363 0 P 0
L 2.8682112 2.1950264 2.8882112 2.2150264 0 P 0
L 2.8682112 2.2350264 2.8882112 2.2150264 0 P 0
L 2.8682112 2.3496842 2.8882112 2.3696842 0 P 0
L 2.8682112 2.3896842 2.8882112 2.3696842 0 P 0
L 2.8682112 2.4815982 2.8882112 2.5015982 0 P 0
L 2.8682112 2.5215982 2.8882112 2.5015982 0 P 0
L 2.8682112 2.6204281 2.8882112 2.6404281 0 P 0
L 2.8682112 2.6604281 2.8882112 2.6404281 0 P 0
L 2.8905419 2.1349226 2.9105419 2.1149226 0 P 0
L 2.8905419 2.1349226 2.9105419 2.1549226 0 P 0
L 2.9105419 2.1149226 2.9305419 2.1349226 0 P 0
L 2.9105419 2.1549226 2.9305419 2.1349226 0 P 0
L 3.0106207 2.1349226 3.0306207 2.1149226 0 P 0
L 3.0106207 2.1349226 3.0306207 2.1549226 0 P 0
L 3.0106207 2.36838 3.0306207 2.34838 0 P 0
L 3.0106207 2.36838 3.0306207 2.38838 0 P 0
L 3.0106207 2.500294 3.0306207 2.480294 0 P 0
L 3.0106207 2.500294 3.0306207 2.520294 0 P 0
L 3.0306207 2.1149226 3.0506207 2.1349226 0 P 0
L 3.0306207 2.1549226 3.0506207 2.1349226 0 P 0
L 3.0306207 2.34838 3.0506207 2.36838 0 P 0
L 3.0306207 2.38838 3.0506207 2.36838 0 P 0
L 3.0306207 2.480294 3.0506207 2.500294 0 P 0
L 3.0306207 2.520294 3.0506207 2.500294 0 P 0
L 3.171068 2.2137222 3.191068 2.1937222 0 P 0
L 3.171068 2.2137222 3.191068 2.2337222 0 P 0
L 3.171068 2.36838 3.191068 2.34838 0 P 0
L 3.171068 2.36838 3.191068 2.38838 0 P 0
L 3.191068 2.1937222 3.211068 2.2137222 0 P 0
L 3.191068 2.2337222 3.211068 2.2137222 0 P 0
L 3.191068 2.34838 3.211068 2.36838 0 P 0
L 3.191068 2.38838 3.211068 2.36838 0 P 0
L 3.2369986 2.1477698 3.2569986 2.1277698 0 P 0
L 3.2369986 2.1477698 3.2569986 2.1677698 0 P 0
L 3.2569986 2.1277698 3.2769986 2.1477698 0 P 0
L 3.2569986 2.1677698 3.2769986 2.1477698 0 P 0
L 3.2960644 1.7952754 3.3160644 1.7752754 0 P 0
L 3.2960644 1.7952754 3.3160644 1.8152754 0 P 0
L 3.3160644 1.7752754 3.3360644 1.7952754 0 P 0
L 3.3160644 1.8152754 3.3360644 1.7952754 0 P 0
L 3.3264617 0.1768504 3.3364617 0.1968504 0 P 0
L 3.3264617 0.1768504 3.3464617 0.1868504 0 P 0
L 3.3264617 0.2168504 3.3364617 0.1968504 0 P 0
L 3.3264617 0.2168504 3.3464617 0.2068504 0 P 0
L 3.3264617 3.7201575 3.3364617 3.7401575 0 P 0
L 3.3264617 3.7201575 3.3464617 3.7301575 0 P 0
L 3.3264617 3.7601575 3.3364617 3.7401575 0 P 0
L 3.3264617 3.7601575 3.3464617 3.7501575 0 P 0
L 3.3464617 0.1868504 3.3664617 0.1768504 0 P 0
L 3.3464617 0.2068504 3.3664617 0.2168504 0 P 0
L 3.3464617 3.7301575 3.3664617 3.7201575 0 P 0
L 3.3464617 3.7501575 3.3664617 3.7601575 0 P 0
L 3.3564617 0.1968504 3.3664617 0.1768504 0 P 0
L 3.3564617 0.1968504 3.3664617 0.2168504 0 P 0
L 3.3564617 3.7401575 3.3664617 3.7201575 0 P 0
L 3.3564617 3.7401575 3.3664617 3.7601575 0 P 0
