#Layer_Color=9474304
#
#Feature symbol names
#
$0 r5

#
#Feature attribute names
#

#
#Layer features
#
L -0.0019685 0 0.0098425 0 0 P 0
L 0.003937 -0.0059055 0.003937 0.0059055 0 P 0
L 0.122441 1.1503937 0.157874 1.1503937 0 P 0
L 0.122441 1.2503937 0.157874 1.2503937 0 P 0
L 0.122441 1.3503937 0.157874 1.3503937 0 P 0
L 0.122441 1.4503937 0.157874 1.4503937 0 P 0
L 0.122441 1.5503937 0.157874 1.5503937 0 P 0
L 0.122441 2.1309946 0.157874 2.1309946 0 P 0
L 0.122441 2.2309946 0.157874 2.2309946 0 P 0
L 0.1338631 0.1968504 0.2598473 0.1968504 0 P 0
L 0.1338631 3.0708661 0.2598473 3.0708661 0 P 0
L 0.1401575 1.1326772 0.1401575 1.1681102 0 P 0
L 0.1401575 1.2326772 0.1401575 1.2681102 0 P 0
L 0.1401575 1.3326772 0.1401575 1.3681102 0 P 0
L 0.1401575 1.4326772 0.1401575 1.4681102 0 P 0
L 0.1401575 1.5326772 0.1401575 1.5681102 0 P 0
L 0.1401575 2.1132781 0.1401575 2.1487111 0 P 0
L 0.1401575 2.2132781 0.1401575 2.2487111 0 P 0
L 0.1732284 2.672441 0.2165354 2.672441 0 P 0
L 0.1732284 2.7724408 0.2165354 2.7724408 0 P 0
L 0.1948819 2.6507875 0.1948819 2.6940945 0 P 0
L 0.1948819 2.7507873 0.1948819 2.7940943 0 P 0
L 0.1968552 0.1338583 0.1968552 0.2598425 0 P 0
L 0.1968552 3.007874 0.1968552 3.1338582 0 P 0
L 0.222441 1.1503937 0.257874 1.1503937 0 P 0
L 0.222441 1.2503937 0.257874 1.2503937 0 P 0
L 0.222441 1.3503937 0.257874 1.3503937 0 P 0
L 0.222441 1.4503937 0.257874 1.4503937 0 P 0
L 0.222441 1.5503937 0.257874 1.5503937 0 P 0
L 0.222441 2.1309946 0.257874 2.1309946 0 P 0
L 0.222441 2.2309946 0.257874 2.2309946 0 P 0
L 0.2401575 1.1326772 0.2401575 1.1681102 0 P 0
L 0.2401575 1.2326772 0.2401575 1.2681102 0 P 0
L 0.2401575 1.3326772 0.2401575 1.3681102 0 P 0
L 0.2401575 1.4326772 0.2401575 1.4681102 0 P 0
L 0.2401575 1.5326772 0.2401575 1.5681102 0 P 0
L 0.2401575 2.1132781 0.2401575 2.1487111 0 P 0
L 0.2401575 2.2132781 0.2401575 2.2487111 0 P 0
L 0.4766161 1.006807 0.4884271 1.006807 0 P 0
L 0.4766161 1.0760776 0.4884271 1.0760776 0 P 0
L 0.4825216 1.0009015 0.4825216 1.0127125 0 P 0
L 0.4825216 1.0701721 0.4825216 1.0819831 0 P 0
L 0.5157481 3.3661417 0.5472441 3.3661417 0 P 0
L 0.5157481 3.5629921 0.5472441 3.5629921 0 P 0
L 0.5314961 3.3503937 0.5314961 3.3818897 0 P 0
L 0.5314961 3.5472441 0.5314961 3.5787401 0 P 0
L 0.6526453 1.006807 0.6644563 1.006807 0 P 0
L 0.6526453 1.0760776 0.6644563 1.0760776 0 P 0
L 0.6526453 1.5828498 0.6644563 1.5828498 0 P 0
L 0.6526453 1.6907538 0.6644563 1.6907538 0 P 0
L 0.6585508 1.0009015 0.6585508 1.0127125 0 P 0
L 0.6585508 1.0701721 0.6585508 1.0819831 0 P 0
L 0.6585508 1.5769443 0.6585508 1.5887553 0 P 0
L 0.6585508 1.6848483 0.6585508 1.6966593 0 P 0
L 0.7253937 1.2405954 0.7372047 1.2405954 0 P 0
L 0.7253937 1.2748252 0.7372047 1.2748252 0 P 0
L 0.7253937 1.309055 0.7372047 1.309055 0 P 0
L 0.7312992 1.2346899 0.7312992 1.2465009 0 P 0
L 0.7312992 1.2689197 0.7312992 1.2807307 0 P 0
L 0.7312992 1.3031495 0.7312992 1.3149605 0 P 0
L 0.7685157 1.2405954 0.7803267 1.2405954 0 P 0
L 0.7685157 1.2748252 0.7803267 1.2748252 0 P 0
L 0.7685157 1.3090551 0.7803267 1.3090551 0 P 0
L 0.7744212 1.2346899 0.7744212 1.2465009 0 P 0
L 0.7744212 1.2689197 0.7744212 1.2807307 0 P 0
L 0.7744212 1.3031496 0.7744212 1.3149606 0 P 0
L 0.8213397 1.006807 0.8331507 1.006807 0 P 0
L 0.8213397 1.0760776 0.8331507 1.0760776 0 P 0
L 0.8213397 1.6301452 0.8331507 1.6301452 0 P 0
L 0.8213397 1.6907538 0.8331507 1.6907538 0 P 0
L 0.8272452 1.0009015 0.8272452 1.0127125 0 P 0
L 0.8272452 1.0701721 0.8272452 1.0819831 0 P 0
L 0.8272452 1.6242397 0.8272452 1.6360507 0 P 0
L 0.8272452 1.6848483 0.8272452 1.6966593 0 P 0
L 0.8622048 0.7952758 0.9980316 0.7952758 0 P 0
L 0.883071 3.2921262 0.9771654 3.2921262 0 P 0
L 0.8897638 2.2137222 0.9015748 2.2137222 0 P 0
L 0.8897638 2.36838 0.9015748 2.36838 0 P 0
L 0.8897638 2.500294 0.9015748 2.500294 0 P 0
L 0.8897638 2.6404281 0.9015748 2.6404281 0 P 0
L 0.8897638 2.817753 0.9015748 2.817753 0 P 0
L 0.8897638 2.8983021 0.9015748 2.8983021 0 P 0
L 0.8956693 2.2078167 0.8956693 2.2196277 0 P 0
L 0.8956693 2.3624745 0.8956693 2.3742855 0 P 0
L 0.8956693 2.4943885 0.8956693 2.5061995 0 P 0
L 0.8956693 2.6345226 0.8956693 2.6463336 0 P 0
L 0.8956693 2.8118475 0.8956693 2.8236585 0 P 0
L 0.8956693 2.8923966 0.8956693 2.9042076 0 P 0
L 0.8980567 1.6907538 0.9098677 1.6907538 0 P 0
L 0.9039622 1.6848483 0.9039622 1.6966593 0 P 0
L 0.9301182 0.7273624 0.9301182 0.8631892 0 P 0
L 0.9301182 3.245079 0.9301182 3.3391734 0 P 0
L 0.9872047 2.8983021 0.9990157 2.8983021 0 P 0
L 0.9872047 3.0266862 0.9990157 3.0266862 0 P 0
L 0.9931102 2.8923966 0.9931102 2.9042076 0 P 0
L 0.9931102 3.0207807 0.9931102 3.0325917 0 P 0
L 1.0095953 1.006807 1.0214063 1.006807 0 P 0
L 1.0095953 1.0760776 1.0214063 1.0760776 0 P 0
L 1.0095953 1.5828498 1.0214063 1.5828498 0 P 0
L 1.0095953 1.6907538 1.0214063 1.6907538 0 P 0
L 1.0155008 1.0009015 1.0155008 1.0127125 0 P 0
L 1.0155008 1.0701721 1.0155008 1.0819831 0 P 0
L 1.0155008 1.5769443 1.0155008 1.5887553 0 P 0
L 1.0155008 1.6848483 1.0155008 1.6966593 0 P 0
L 1.0275591 1.4724409 1.0393701 1.4724409 0 P 0
L 1.0275591 1.5206693 1.0393701 1.5206693 0 P 0
L 1.0334646 1.4665354 1.0334646 1.4783464 0 P 0
L 1.0334646 1.5147638 1.0334646 1.5265748 0 P 0
L 1.0738321 1.4724409 1.0856431 1.4724409 0 P 0
L 1.0738321 1.5206693 1.0856431 1.5206693 0 P 0
L 1.0738321 1.5600394 1.0856431 1.5600394 0 P 0
L 1.0797376 1.4665354 1.0797376 1.4783464 0 P 0
L 1.0797376 1.5147638 1.0797376 1.5265748 0 P 0
L 1.0797376 1.5541339 1.0797376 1.5659449 0 P 0
L 1.1080583 1.6907538 1.1198693 1.6907538 0 P 0
L 1.1139638 1.6848483 1.1139638 1.6966593 0 P 0
L 1.137464 2.1530099 1.149275 2.1530099 0 P 0
L 1.137464 2.1946151 1.149275 2.1946151 0 P 0
L 1.137464 2.2362203 1.149275 2.2362203 0 P 0
L 1.137464 2.8688104 1.149275 2.8688104 0 P 0
L 1.137464 2.9365146 1.149275 2.9365146 0 P 0
L 1.137464 3.0042188 1.149275 3.0042188 0 P 0
L 1.1433695 2.1471044 1.1433695 2.1589154 0 P 0
L 1.1433695 2.1887096 1.1433695 2.2005206 0 P 0
L 1.1433695 2.2303148 1.1433695 2.2421258 0 P 0
L 1.1433695 2.8629049 1.1433695 2.8747159 0 P 0
L 1.1433695 2.9306091 1.1433695 2.9424201 0 P 0
L 1.1433695 2.9983133 1.1433695 3.0101243 0 P 0
L 1.1496063 1.1988189 1.1614173 1.1988189 0 P 0
L 1.1509117 1.5828498 1.1627227 1.5828498 0 P 0
L 1.1555118 1.1929134 1.1555118 1.2047244 0 P 0
L 1.1568172 1.5769443 1.1568172 1.5887553 0 P 0
L 1.1676737 1.2736221 1.1794847 1.2736221 0 P 0
L 1.1735792 1.2677166 1.1735792 1.2795276 0 P 0
L 1.1788608 1.1988189 1.1906718 1.1988189 0 P 0
L 1.1826121 2.1530099 1.1944231 2.1530099 0 P 0
L 1.1826121 2.2362205 1.1944231 2.2362205 0 P 0
L 1.1826121 2.8688104 1.1944231 2.8688104 0 P 0
L 1.1826121 2.9365146 1.1944231 2.9365146 0 P 0
L 1.1826121 3.0042188 1.1944231 3.0042188 0 P 0
L 1.1829734 2.1946151 1.1947844 2.1946151 0 P 0
L 1.1847663 1.1929134 1.1847663 1.2047244 0 P 0
L 1.1885176 2.1471044 1.1885176 2.1589154 0 P 0
L 1.1885176 2.230315 1.1885176 2.242126 0 P 0
L 1.1885176 2.8629049 1.1885176 2.8747159 0 P 0
L 1.1885176 2.9306091 1.1885176 2.9424201 0 P 0
L 1.1885176 2.9983133 1.1885176 3.0101243 0 P 0
L 1.1888789 2.1887096 1.1888789 2.2005206 0 P 0
L 1.1988375 1.2736221 1.2106485 1.2736221 0 P 0
L 1.204743 1.2677166 1.204743 1.2795276 0 P 0
L 1.2081153 1.1988189 1.2199263 1.1988189 0 P 0
L 1.2133325 1.006807 1.2251435 1.006807 0 P 0
L 1.2133325 1.0760776 1.2251435 1.0760776 0 P 0
L 1.2133325 1.5828498 1.2251435 1.5828498 0 P 0
L 1.2133325 1.6907538 1.2251435 1.6907538 0 P 0
L 1.2140208 1.1929134 1.2140208 1.2047244 0 P 0
L 1.219238 1.0009015 1.219238 1.0127125 0 P 0
L 1.219238 1.0701721 1.219238 1.0819831 0 P 0
L 1.219238 1.5769443 1.219238 1.5887553 0 P 0
L 1.219238 1.6848483 1.219238 1.6966593 0 P 0
L 1.2271915 1.2736221 1.2390025 1.2736221 0 P 0
L 1.233097 1.2677166 1.233097 1.2795276 0 P 0
L 1.2355954 1.4289966 1.2474064 1.4289966 0 P 0
L 1.2373698 1.1988189 1.2491808 1.1988189 0 P 0
L 1.2415009 1.4230911 1.2415009 1.4349021 0 P 0
L 1.2432753 1.1929134 1.2432753 1.2047244 0 P 0
L 1.2866617 1.5828498 1.2984727 1.5828498 0 P 0
L 1.2925672 1.5769443 1.2925672 1.5887553 0 P 0
L 1.3216699 1.6907538 1.3334809 1.6907538 0 P 0
L 1.3216903 1.8670174 1.3335013 1.8670174 0 P 0
L 1.3275754 1.6848483 1.3275754 1.6966593 0 P 0
L 1.3275958 1.8611119 1.3275958 1.8729229 0 P 0
L 1.3276141 2.8983021 1.3394251 2.8983021 0 P 0
L 1.3276141 3.0266862 1.3394251 3.0266862 0 P 0
L 1.3335196 2.8923966 1.3335196 2.9042076 0 P 0
L 1.3335196 3.0207807 1.3335196 3.0325917 0 P 0
L 1.3632385 1.5828498 1.3750495 1.5828498 0 P 0
L 1.369144 1.5769443 1.369144 1.5887553 0 P 0
L 1.4255275 1.9084988 1.4373385 1.9084988 0 P 0
L 1.4261317 2.8983021 1.4379427 2.8983021 0 P 0
L 1.4261317 3.0266862 1.4379427 3.0266862 0 P 0
L 1.4301089 1.006807 1.4419199 1.006807 0 P 0
L 1.4301089 1.0760776 1.4419199 1.0760776 0 P 0
L 1.4301089 1.5828498 1.4419199 1.5828498 0 P 0
L 1.4301089 1.6907538 1.4419199 1.6907538 0 P 0
L 1.431433 1.9025933 1.431433 1.9144043 0 P 0
L 1.4320372 2.8923966 1.4320372 2.9042076 0 P 0
L 1.4320372 3.0207807 1.4320372 3.0325917 0 P 0
L 1.4360144 1.0009015 1.4360144 1.0127125 0 P 0
L 1.4360144 1.0701721 1.4360144 1.0819831 0 P 0
L 1.4360144 1.5769443 1.4360144 1.5887553 0 P 0
L 1.4360144 1.6848483 1.4360144 1.6966593 0 P 0
L 1.4901575 1.5688976 1.5019685 1.5688976 0 P 0
L 1.492126 2.9685042 1.6279528 2.9685042 0 P 0
L 1.496063 1.5629921 1.496063 1.5748031 0 P 0
L 1.5137796 2.2703784 1.5255906 2.2703784 0 P 0
L 1.5196851 2.2644729 1.5196851 2.2762839 0 P 0
L 1.5374016 1.5246063 1.5492126 1.5246063 0 P 0
L 1.5399063 1.6907538 1.5517173 1.6907538 0 P 0
L 1.5433071 1.5187008 1.5433071 1.5305118 0 P 0
L 1.5458118 1.6848483 1.5458118 1.6966593 0 P 0
L 1.5600394 2.9005908 1.5600394 3.0364176 0 P 0
L 1.5688976 1.3543307 1.5807086 1.3543307 0 P 0
L 1.5748031 1.3484252 1.5748031 1.3602362 0 P 0
L 1.5895669 1.6387795 1.6013779 1.6387795 0 P 0
L 1.5905512 1.4704724 1.6023622 1.4704724 0 P 0
L 1.5954724 1.632874 1.5954724 1.644685 0 P 0
L 1.5964567 1.4645669 1.5964567 1.4763779 0 P 0
L 1.6141734 3.492126 1.6535434 3.492126 0 P 0
L 1.6141734 3.7283465 1.6535434 3.7283465 0 P 0
L 1.6338584 3.472441 1.6338584 3.511811 0 P 0
L 1.6338584 3.7086615 1.6338584 3.7480315 0 P 0
L 1.6434563 1.006807 1.6552673 1.006807 0 P 0
L 1.6434563 1.0760776 1.6552673 1.0760776 0 P 0
L 1.6434563 1.4180986 1.6552673 1.4180986 0 P 0
L 1.6434563 1.5828498 1.6552673 1.5828498 0 P 0
L 1.6434563 1.6907538 1.6552673 1.6907538 0 P 0
L 1.6493618 1.0009015 1.6493618 1.0127125 0 P 0
L 1.6493618 1.0701721 1.6493618 1.0819831 0 P 0
L 1.6493618 1.4121931 1.6493618 1.4240041 0 P 0
L 1.6493618 1.5769443 1.6493618 1.5887553 0 P 0
L 1.6493618 1.6848483 1.6493618 1.6966593 0 P 0
L 1.6781496 1.3769685 1.6899606 1.3769685 0 P 0
L 1.6840551 1.371063 1.6840551 1.382874 0 P 0
L 1.7066929 1.5275591 1.7185039 1.5275591 0 P 0
L 1.7125984 1.5216536 1.7125984 1.5334646 0 P 0
L 1.7195721 1.7935532 1.7313831 1.7935532 0 P 0
L 1.7254776 1.7876477 1.7254776 1.7994587 0 P 0
L 1.7357479 0.7952758 1.8715747 0.7952758 0 P 0
L 1.7608268 1.4753937 1.7726378 1.4753937 0 P 0
L 1.7667323 1.4694882 1.7667323 1.4812992 0 P 0
L 1.7883858 1.4005906 1.8001968 1.4005906 0 P 0
L 1.7942913 1.3946851 1.7942913 1.4064961 0 P 0
L 1.7992128 3.6102362 1.8385828 3.6102362 0 P 0
L 1.8036613 0.7273624 1.8036613 0.8631892 0 P 0
L 1.8188978 3.5905512 1.8188978 3.6299212 0 P 0
L 1.8295999 1.006807 1.8414109 1.006807 0 P 0
L 1.8295999 1.0760776 1.8414109 1.0760776 0 P 0
L 1.8295999 1.2070572 1.8414109 1.2070572 0 P 0
L 1.8295999 1.3291766 1.8414109 1.3291766 0 P 0
L 1.8295999 1.461967 1.8414109 1.461967 0 P 0
L 1.8355054 1.0009015 1.8355054 1.0127125 0 P 0
L 1.8355054 1.0701721 1.8355054 1.0819831 0 P 0
L 1.8355054 1.2011517 1.8355054 1.2129627 0 P 0
L 1.8355054 1.3232711 1.8355054 1.3350821 0 P 0
L 1.8355054 1.4560615 1.8355054 1.4678725 0 P 0
L 1.8623861 1.8661418 1.8741971 1.8661418 0 P 0
L 1.867126 1.6567346 1.878937 1.6567346 0 P 0
L 1.8682916 1.8602363 1.8682916 1.8720473 0 P 0
L 1.8703395 2.0722396 1.8821505 2.0722396 0 P 0
L 1.8703395 2.2150264 1.8821505 2.2150264 0 P 0
L 1.8703395 2.500294 1.8821505 2.500294 0 P 0
L 1.8703395 2.6404281 1.8821505 2.6404281 0 P 0
L 1.8730315 1.6508291 1.8730315 1.6626401 0 P 0
L 1.876245 2.0663341 1.876245 2.0781451 0 P 0
L 1.876245 2.2091209 1.876245 2.2209319 0 P 0
L 1.876245 2.4943885 1.876245 2.5061995 0 P 0
L 1.876245 2.6345226 1.876245 2.6463336 0 P 0
L 1.9153543 1.9860583 1.9271653 1.9860583 0 P 0
L 1.9212598 1.9801528 1.9212598 1.9919638 0 P 0
L 2.0535015 1.4780249 2.0653125 1.4780249 0 P 0
L 2.0535015 2.6417323 2.0653125 2.6417323 0 P 0
L 2.0535015 2.817753 2.0653125 2.817753 0 P 0
L 2.0535015 3.0266862 2.0653125 3.0266862 0 P 0
L 2.059407 1.4721194 2.059407 1.4839304 0 P 0
L 2.059407 2.6358268 2.059407 2.6476378 0 P 0
L 2.059407 2.8118475 2.059407 2.8236585 0 P 0
L 2.059407 3.0207807 2.059407 3.0325917 0 P 0
L 2.1710666 2.2951753 2.1828776 2.2951753 0 P 0
L 2.1769721 2.2892698 2.1769721 2.3010808 0 P 0
L 2.2135827 2.4702332 2.2253937 2.4702332 0 P 0
L 2.2194882 2.4643277 2.2194882 2.4761387 0 P 0
L 2.2319673 2.6404281 2.2437783 2.6404281 0 P 0
L 2.2319673 2.817753 2.2437783 2.817753 0 P 0
L 2.2319673 3.0266862 2.2437783 3.0266862 0 P 0
L 2.2378728 2.6345226 2.2378728 2.6463336 0 P 0
L 2.2378728 2.8118475 2.2378728 2.8236585 0 P 0
L 2.2378728 3.0207807 2.2378728 3.0325917 0 P 0
L 2.2393569 2.4491104 2.2511679 2.4491104 0 P 0
L 2.2452624 2.4432049 2.2452624 2.4550159 0 P 0
L 2.2647638 2.4702332 2.2765748 2.4702332 0 P 0
L 2.2706693 2.4643277 2.2706693 2.4761387 0 P 0
L 2.3063179 1.6919291 2.3181289 1.6919291 0 P 0
L 2.3063179 1.7687008 2.3181289 1.7687008 0 P 0
L 2.3063179 1.871063 2.3181289 1.871063 0 P 0
L 2.3122234 1.6860236 2.3122234 1.6978346 0 P 0
L 2.3122234 1.7627953 2.3122234 1.7746063 0 P 0
L 2.3122234 1.8651575 2.3122234 1.8769685 0 P 0
L 2.3562992 1.6663386 2.3681102 1.6663386 0 P 0
L 2.3622047 1.6604331 2.3622047 1.6722441 0 P 0
L 2.3656691 2.9685042 2.5014959 2.9685042 0 P 0
L 2.3845885 2.500294 2.3963995 2.500294 0 P 0
L 2.3845885 2.6404281 2.3963995 2.6404281 0 P 0
L 2.3845885 2.817753 2.3963995 2.817753 0 P 0
L 2.3865353 0.4716538 2.4806297 0.4716538 0 P 0
L 2.3874958 0.8418644 2.3993068 0.8418644 0 P 0
L 2.390494 2.4943885 2.390494 2.5061995 0 P 0
L 2.390494 2.6345226 2.390494 2.6463336 0 P 0
L 2.390494 2.8118475 2.390494 2.8236585 0 P 0
L 2.3934013 0.8359589 2.3934013 0.8477699 0 P 0
L 2.3980009 1.871063 2.4098119 1.871063 0 P 0
L 2.4039064 1.8651575 2.4039064 1.8769685 0 P 0
L 2.4162641 2.2951754 2.4280751 2.2951754 0 P 0
L 2.4221696 2.2892699 2.4221696 2.3010809 0 P 0
L 2.4335825 0.4246066 2.4335825 0.518701 0 P 0
L 2.4335825 2.9005908 2.4335825 3.0364176 0 P 0
L 2.5560225 1.4780249 2.5678335 1.4780249 0 P 0
L 2.5560225 2.500294 2.5678335 2.500294 0 P 0
L 2.5560225 2.6404281 2.5678335 2.6404281 0 P 0
L 2.5560225 2.817753 2.5678335 2.817753 0 P 0
L 2.561928 1.4721194 2.561928 1.4839304 0 P 0
L 2.561928 2.4943885 2.561928 2.5061995 0 P 0
L 2.561928 2.6345226 2.561928 2.6463336 0 P 0
L 2.561928 2.8118475 2.561928 2.8236585 0 P 0
L 2.609252 0.7952758 2.7450788 0.7952758 0 P 0
L 2.6301182 3.2921262 2.7242126 3.2921262 0 P 0
L 2.6771654 0.7273624 2.6771654 0.8631892 0 P 0
L 2.6771654 3.245079 2.6771654 3.3391734 0 P 0
L 2.7243265 2.2137222 2.7361375 2.2137222 0 P 0
L 2.7243265 2.36838 2.7361375 2.36838 0 P 0
L 2.7243265 2.500294 2.7361375 2.500294 0 P 0
L 2.7243265 2.6404281 2.7361375 2.6404281 0 P 0
L 2.7244197 2.817753 2.7362307 2.817753 0 P 0
L 2.730232 2.2078167 2.730232 2.2196277 0 P 0
L 2.730232 2.3624745 2.730232 2.3742855 0 P 0
L 2.730232 2.4943885 2.730232 2.5061995 0 P 0
L 2.730232 2.6345226 2.730232 2.6463336 0 P 0
L 2.7303252 2.8118475 2.7303252 2.8236585 0 P 0
L 2.7815993 1.9071946 2.7934103 1.9071946 0 P 0
L 2.7873409 1.6006954 2.7991519 1.6006954 0 P 0
L 2.7873409 1.6919291 2.7991519 1.6919291 0 P 0
L 2.7875048 1.9012891 2.7875048 1.9131001 0 P 0
L 2.7916944 1.246063 2.8035054 1.246063 0 P 0
L 2.7932464 1.5947899 2.7932464 1.6066009 0 P 0
L 2.7932464 1.6860236 2.7932464 1.6978346 0 P 0
L 2.7975999 1.2401575 2.7975999 1.2519685 0 P 0
L 2.8623057 1.5636363 2.8741167 1.5636363 0 P 0
L 2.8623057 2.2150264 2.8741167 2.2150264 0 P 0
L 2.8623057 2.3696842 2.8741167 2.3696842 0 P 0
L 2.8623057 2.5015982 2.8741167 2.5015982 0 P 0
L 2.8623057 2.6404281 2.8741167 2.6404281 0 P 0
L 2.8682112 1.5577308 2.8682112 1.5695418 0 P 0
L 2.8682112 2.2091209 2.8682112 2.2209319 0 P 0
L 2.8682112 2.3637787 2.8682112 2.3755897 0 P 0
L 2.8682112 2.4956927 2.8682112 2.5075037 0 P 0
L 2.8682112 2.6345226 2.8682112 2.6463336 0 P 0
L 2.9046364 2.1349226 2.9164474 2.1349226 0 P 0
L 2.9105419 2.1290171 2.9105419 2.1408281 0 P 0
L 3.0247152 2.1349226 3.0365262 2.1349226 0 P 0
L 3.0247152 2.36838 3.0365262 2.36838 0 P 0
L 3.0247152 2.500294 3.0365262 2.500294 0 P 0
L 3.0306207 2.1290171 3.0306207 2.1408281 0 P 0
L 3.0306207 2.3624745 3.0306207 2.3742855 0 P 0
L 3.0306207 2.4943885 3.0306207 2.5061995 0 P 0
L 3.1851625 2.2137222 3.1969735 2.2137222 0 P 0
L 3.1851625 2.36838 3.1969735 2.36838 0 P 0
L 3.191068 2.2078167 3.191068 2.2196277 0 P 0
L 3.191068 2.3624745 3.191068 2.3742855 0 P 0
L 3.2391732 2.9685042 3.375 2.9685042 0 P 0
L 3.2510931 2.1477698 3.2629041 2.1477698 0 P 0
L 3.2569986 2.1418643 3.2569986 2.1536753 0 P 0
L 3.2834696 0.1968504 3.4094538 0.1968504 0 P 0
L 3.2834696 3.7401575 3.4094538 3.7401575 0 P 0
L 3.3070866 2.9005908 3.3070866 3.0364176 0 P 0
L 3.3101589 1.7952754 3.3219699 1.7952754 0 P 0
L 3.3160644 1.7893699 3.3160644 1.8011809 0 P 0
L 3.3464617 0.1338583 3.3464617 0.2598425 0 P 0
L 3.3464617 3.6771654 3.3464617 3.8031496 0 P 0
