#Layer_Color=9474304
#
#Feature symbol names
#
$0 r5

#
#Feature attribute names
#

#
#Layer features
#
L 0.118504 1.2566928 0.153937 1.2566928 0 P 0
L 0.118504 1.3566929 0.153937 1.3566929 0 P 0
L 0.118504 1.4566929 0.153937 1.4566929 0 P 0
L 0.118504 1.5566929 0.153937 1.5566929 0 P 0
L 0.118504 1.656693 0.153937 1.656693 0 P 0
L 0.1185041 2.1653543 0.1539371 2.1653543 0 P 0
L 0.1185041 2.2653543 0.1539371 2.2653543 0 P 0
L 0.1338583 0.1968504 0.2598425 0.1968504 0 P 0
L 0.1338583 3.0708661 0.2598425 3.0708661 0 P 0
L 0.1362205 1.2389763 0.1362205 1.2744093 0 P 0
L 0.1362205 1.3389764 0.1362205 1.3744094 0 P 0
L 0.1362205 1.4389764 0.1362205 1.4744094 0 P 0
L 0.1362205 1.5389764 0.1362205 1.5744094 0 P 0
L 0.1362205 1.6389765 0.1362205 1.6744095 0 P 0
L 0.1362206 2.1476378 0.1362206 2.1830708 0 P 0
L 0.1362206 2.2476378 0.1362206 2.2830708 0 P 0
L 0.1751969 2.6665355 0.2185039 2.6665355 0 P 0
L 0.1751969 2.7665353 0.2185039 2.7665353 0 P 0
L 0.1968504 0.1338583 0.1968504 0.2598425 0 P 0
L 0.1968504 2.644882 0.1968504 2.688189 0 P 0
L 0.1968504 2.7448818 0.1968504 2.7881888 0 P 0
L 0.1968504 3.007874 0.1968504 3.1338582 0 P 0
L 0.218504 1.2566928 0.253937 1.2566928 0 P 0
L 0.218504 1.4566929 0.253937 1.4566929 0 P 0
L 0.218504 1.5566929 0.253937 1.5566929 0 P 0
L 0.2185041 1.3566929 0.2539371 1.3566929 0 P 0
L 0.2185041 1.656693 0.2539371 1.656693 0 P 0
L 0.2185041 2.1653543 0.2539371 2.1653543 0 P 0
L 0.2185041 2.2653543 0.2539371 2.2653543 0 P 0
L 0.2362205 1.2389763 0.2362205 1.2744093 0 P 0
L 0.2362205 1.4389764 0.2362205 1.4744094 0 P 0
L 0.2362205 1.5389764 0.2362205 1.5744094 0 P 0
L 0.2362206 1.3389764 0.2362206 1.3744094 0 P 0
L 0.2362206 1.6389765 0.2362206 1.6744095 0 P 0
L 0.2362206 2.1476378 0.2362206 2.1830708 0 P 0
L 0.2362206 2.2476378 0.2362206 2.2830708 0 P 0
L 0.2952756 3.4645669 0.3346456 3.4645669 0 P 0
L 0.2952756 3.7007874 0.3346456 3.7007874 0 P 0
L 0.3149606 3.4448819 0.3149606 3.4842519 0 P 0
L 0.3149606 3.6811024 0.3149606 3.7204724 0 P 0
L 0.480315 3.5826771 0.519685 3.5826771 0 P 0
L 0.5 3.5629921 0.5 3.6023621 0 P 0
L 0.6456693 0.8622047 0.7814961 0.8622047 0 P 0
L 0.6665355 3.3590551 0.7606299 3.3590551 0 P 0
L 0.6811024 2.8897638 0.6968504 2.8897638 0 P 0
L 0.6889764 2.8818898 0.6889764 2.8976378 0 P 0
L 0.7135827 0.7942913 0.7135827 0.9301181 0 P 0
L 0.7135827 3.3120079 0.7135827 3.4061023 0 P 0
L 0.7844488 1.5531496 0.8001968 1.5531496 0 P 0
L 0.7923228 1.5452756 0.7923228 1.5610236 0 P 0
L 0.8341535 1.5531496 0.8499015 1.5531496 0 P 0
L 0.8420275 1.5452756 0.8420275 1.5610236 0 P 0
L 0.8503937 2.4409449 0.8661417 2.4409449 0 P 0
L 0.8582677 1.2509843 0.8740157 1.2509843 0 P 0
L 0.8582677 2.4330709 0.8582677 2.4488189 0 P 0
L 0.8602362 1.2962598 0.8759842 1.2962598 0 P 0
L 0.8661417 1.2431103 0.8661417 1.2588583 0 P 0
L 0.8681102 1.2883858 0.8681102 1.3041338 0 P 0
L 0.8838582 1.5531496 0.8996062 1.5531496 0 P 0
L 0.8917322 1.5452756 0.8917322 1.5610236 0 P 0
L 0.8966536 1.2952756 0.9124016 1.2952756 0 P 0
L 0.8996063 1.25 0.9153543 1.25 0 P 0
L 0.9045276 1.2874016 0.9045276 1.3031496 0 P 0
L 0.9074803 1.242126 0.9074803 1.257874 0 P 0
L 0.9335629 1.5531496 0.9493109 1.5531496 0 P 0
L 0.9414369 1.5452756 0.9414369 1.5610236 0 P 0
L 0.9734252 1.4222441 0.9891732 1.4222441 0 P 0
L 0.9734252 1.5049213 0.9891732 1.5049213 0 P 0
L 0.9812992 1.4143701 0.9812992 1.4301181 0 P 0
L 0.9812992 1.4970473 0.9812992 1.5127953 0 P 0
L 0.9832676 1.5531496 0.9990156 1.5531496 0 P 0
L 0.9911416 1.5452756 0.9911416 1.5610236 0 P 0
L 1.0088583 2.5206693 1.0246063 2.5206693 0 P 0
L 1.0088583 2.5659449 1.0246063 2.5659449 0 P 0
L 1.0098425 2.6122047 1.0255905 2.6122047 0 P 0
L 1.0167323 2.5127953 1.0167323 2.5285433 0 P 0
L 1.0167323 2.5580709 1.0167323 2.5738189 0 P 0
L 1.0177165 2.6043307 1.0177165 2.6200787 0 P 0
L 1.0541339 2.5649606 1.0698819 2.5649606 0 P 0
L 1.0541339 2.6112205 1.0698819 2.6112205 0 P 0
L 1.0551181 2.519685 1.0708661 2.519685 0 P 0
L 1.0620079 2.5570866 1.0620079 2.5728346 0 P 0
L 1.0620079 2.6033465 1.0620079 2.6190945 0 P 0
L 1.0629921 2.511811 1.0629921 2.527559 0 P 0
L 1.0826772 3.7519685 1.0984252 3.7519685 0 P 0
L 1.0905512 3.7440945 1.0905512 3.7598425 0 P 0
L 1.097441 1.3533465 1.113189 1.3533465 0 P 0
L 1.105315 1.3454725 1.105315 1.3612205 0 P 0
L 1.1496063 1.3533465 1.1653543 1.3533465 0 P 0
L 1.1505979 3.2126057 1.1663459 3.2126057 0 P 0
L 1.1505979 3.3021727 1.1663459 3.3021727 0 P 0
L 1.1507415 3.2564169 1.1664895 3.2564169 0 P 0
L 1.1574803 1.3454725 1.1574803 1.3612205 0 P 0
L 1.1584719 3.2047317 1.1584719 3.2204797 0 P 0
L 1.1584719 3.2942987 1.1584719 3.3100467 0 P 0
L 1.1586155 3.2485429 1.1586155 3.2642909 0 P 0
L 1.1692914 3.7519685 1.1850394 3.7519685 0 P 0
L 1.1732284 1.4064961 1.1889764 1.4064961 0 P 0
L 1.1732284 1.4557087 1.1889764 1.4557087 0 P 0
L 1.1732284 1.5049213 1.1889764 1.5049213 0 P 0
L 1.1771654 3.7440945 1.1771654 3.7598425 0 P 0
L 1.1811024 1.3986221 1.1811024 1.4143701 0 P 0
L 1.1811024 1.4478347 1.1811024 1.4635827 0 P 0
L 1.1811024 1.4970473 1.1811024 1.5127953 0 P 0
L 1.1968577 3.2126057 1.2126057 3.2126057 0 P 0
L 1.1978348 2.2726379 1.2135828 2.2726379 0 P 0
L 1.2047244 3.5639764 1.2204724 3.5639764 0 P 0
L 1.2047244 3.6082677 1.2204724 3.6082677 0 P 0
L 1.2047317 3.2047317 1.2047317 3.2204797 0 P 0
L 1.2057088 2.2647639 1.2057088 2.2805119 0 P 0
L 1.2096457 1.144685 1.2253937 1.144685 0 P 0
L 1.2125984 3.5561024 1.2125984 3.5718504 0 P 0
L 1.2125984 3.6003937 1.2125984 3.6161417 0 P 0
L 1.2155512 1.3346457 1.2312992 1.3346457 0 P 0
L 1.2175197 1.136811 1.2175197 1.152559 0 P 0
L 1.2234252 1.3267717 1.2234252 1.3425197 0 P 0
L 1.2490158 3.5639764 1.2647638 3.5639764 0 P 0
L 1.2490158 3.6082677 1.2647638 3.6082677 0 P 0
L 1.2568898 3.5561024 1.2568898 3.5718504 0 P 0
L 1.2568898 3.6003937 1.2568898 3.6161417 0 P 0
L 1.2755905 3.0354331 1.4114173 3.0354331 0 P 0
L 1.2767508 1.2506764 1.2924988 1.2506764 0 P 0
L 1.2767508 1.2811882 1.2924988 1.2811882 0 P 0
L 1.2834646 1.3346457 1.2992126 1.3346457 0 P 0
L 1.2846248 1.2428024 1.2846248 1.2585504 0 P 0
L 1.2846248 1.2733142 1.2846248 1.2890622 0 P 0
L 1.2913386 1.3267717 1.2913386 1.3425197 0 P 0
L 1.2962599 3.5639764 1.3120079 3.5639764 0 P 0
L 1.2962599 3.6082677 1.3120079 3.6082677 0 P 0
L 1.3041339 3.5561024 1.3041339 3.5718504 0 P 0
L 1.3041339 3.6003937 1.3041339 3.6161417 0 P 0
L 1.3198892 2.0423301 1.3356372 2.0423301 0 P 0
L 1.3277632 2.0344561 1.3277632 2.0502041 0 P 0
L 1.3336614 1.1505906 1.3494094 1.1505906 0 P 0
L 1.3336614 1.1929134 1.3494094 1.1929134 0 P 0
L 1.3341823 1.113189 1.3499303 1.113189 0 P 0
L 1.3415354 1.1427166 1.3415354 1.1584646 0 P 0
L 1.3415354 1.1850394 1.3415354 1.2007874 0 P 0
L 1.3420563 1.105315 1.3420563 1.121063 0 P 0
L 1.3435039 2.9675197 1.3435039 3.1033465 0 P 0
L 1.3543307 3.5470866 1.3700787 3.5470866 0 P 0
L 1.3622047 3.5392126 1.3622047 3.5549606 0 P 0
L 1.3651648 2.1722514 1.3809128 2.1722514 0 P 0
L 1.3720473 1.378937 1.3877953 1.378937 0 P 0
L 1.3730388 2.1643774 1.3730388 2.1801254 0 P 0
L 1.3799213 1.371063 1.3799213 1.386811 0 P 0
L 1.3897638 3.6850394 1.4055118 3.6850394 0 P 0
L 1.3976378 3.6771654 1.3976378 3.6929134 0 P 0
L 1.5127953 2.7244094 1.5285433 2.7244094 0 P 0
L 1.5206693 2.7165354 1.5206693 2.7322834 0 P 0
L 1.558563 0.8622047 1.6943898 0.8622047 0 P 0
L 1.6062992 3.6771654 1.6220472 3.6771654 0 P 0
L 1.6141732 3.6692914 1.6141732 3.6850394 0 P 0
L 1.6264764 0.7942913 1.6264764 0.9301181 0 P 0
L 1.6456693 1.3858268 1.6614173 1.3858268 0 P 0
L 1.6535433 1.3779528 1.6535433 1.3937008 0 P 0
L 1.6929134 3.1771654 1.7086614 3.1771654 0 P 0
L 1.699349 2.2381608 1.715097 2.2381608 0 P 0
L 1.7007874 3.1692914 1.7007874 3.1850394 0 P 0
L 1.707223 2.2302868 1.707223 2.2460348 0 P 0
L 1.7214568 3.5639764 1.7372048 3.5639764 0 P 0
L 1.7293308 3.5561024 1.7293308 3.5718504 0 P 0
L 1.7391732 1.3847614 1.7549212 1.3847614 0 P 0
L 1.7470472 1.3768874 1.7470472 1.3926354 0 P 0
L 1.7834646 2.2057087 1.7992126 2.2057087 0 P 0
L 1.7913386 2.1978347 1.7913386 2.2135827 0 P 0
L 1.8011811 2.8257874 1.8169291 2.8257874 0 P 0
L 1.8090551 2.8179134 1.8090551 2.8336614 0 P 0
L 1.8110236 3.7598425 1.8267716 3.7598425 0 P 0
L 1.8188976 3.7519685 1.8188976 3.7677165 0 P 0
L 1.9133931 2.7165427 1.9291411 2.7165427 0 P 0
L 1.9212671 2.7086687 1.9212671 2.7244167 0 P 0
L 1.9744095 2.0255906 1.9901575 2.0255906 0 P 0
L 1.9744095 2.0994094 1.9901575 2.0994094 0 P 0
L 1.9822835 2.0177166 1.9822835 2.0334646 0 P 0
L 1.9822835 2.0915354 1.9822835 2.1072834 0 P 0
L 2.011811 2.2057087 2.027559 2.2057087 0 P 0
L 2.019685 2.1978347 2.019685 2.2135827 0 P 0
L 2.0246063 2.0275591 2.0403543 2.0275591 0 P 0
L 2.0324803 2.0196851 2.0324803 2.0354331 0 P 0
L 2.1884842 3.0354331 2.324311 3.0354331 0 P 0
L 2.2093504 0.5385827 2.3034448 0.5385827 0 P 0
L 2.2563976 0.4915355 2.2563976 0.5856299 0 P 0
L 2.2563976 2.9675197 2.2563976 3.1033465 0 P 0
L 2.2667396 2.7962671 2.2824876 2.7962671 0 P 0
L 2.2746136 2.7883931 2.2746136 2.8041411 0 P 0
L 2.3129921 1.1919291 2.3287401 1.1919291 0 P 0
L 2.3208661 1.1840551 2.3208661 1.1998031 0 P 0
L 2.386811 1.9104331 2.402559 1.9104331 0 P 0
L 2.3927166 2.0009843 2.4084646 2.0009843 0 P 0
L 2.3927239 2.8090624 2.4084719 2.8090624 0 P 0
L 2.394685 1.9025591 2.394685 1.9183071 0 P 0
L 2.4005906 1.9931103 2.4005906 2.0088583 0 P 0
L 2.4005979 2.8011884 2.4005979 2.8169364 0 P 0
L 2.4714567 0.8622047 2.6072835 0.8622047 0 P 0
L 2.4923229 3.3590551 2.5864173 3.3590551 0 P 0
L 2.503937 2.3380042 2.519685 2.3380042 0 P 0
L 2.511811 2.3301302 2.511811 2.3458782 0 P 0
L 2.5393701 0.7942913 2.5393701 0.9301181 0 P 0
L 2.5393701 3.3120079 2.5393701 3.4061023 0 P 0
L 2.5728347 1.5994094 2.5885827 1.5994094 0 P 0
L 2.5807087 1.5915354 2.5807087 1.6072834 0 P 0
L 2.6082677 2.6348425 2.6240157 2.6348425 0 P 0
L 2.6161417 2.6269685 2.6161417 2.6427165 0 P 0
L 2.6968577 2.6141805 2.7126057 2.6141805 0 P 0
L 2.7047317 2.6063065 2.7047317 2.6220545 0 P 0
L 2.8562992 2.5521654 2.8720472 2.5521654 0 P 0
L 2.8641732 2.5442914 2.8641732 2.5600394 0 P 0
L 2.9183071 2.2244094 2.9340551 2.2244094 0 P 0
L 2.9261811 2.2165354 2.9261811 2.2322834 0 P 0
L 3.1013779 3.0354331 3.2372047 3.0354331 0 P 0
L 3.1692913 2.9675197 3.1692913 3.1033465 0 P 0
L 3.2834646 0.1968504 3.4094488 0.1968504 0 P 0
L 3.2834646 3.7401575 3.4094488 3.7401575 0 P 0
L 3.3464567 0.1338583 3.3464567 0.2598425 0 P 0
L 3.3464567 3.6771654 3.3464567 3.8031496 0 P 0
